0.0031622776601683794	2.2485408647769055e-10
0.003981071705534973	3.6303217729680703e-10
0.005011872336272725	4.4043756520529205e-10
0.00630957344480193	8.108965504456791e-10
0.007943282347242814	7.040719069158218e-10
0.01	8.654152645379889e-10
0.012589254117941675	1.0501044277561196e-9
0.015848931924611134	1.653799331211627e-9
0.0199526231496888	1.6499537815845209e-9
0.025118864315095794	1.4638892310628422e-9
0.03162277660168379	3.4477853588164714e-9
0.039810717055349734	5.584746074044721e-9
0.05011872336272722	7.713580684476985e-9
0.06309573444801933	1.018241373491653e-8
0.07943282347242814	0.004070176545105591
0.1	0.018533311101757714
0.12589254117941673	0.029221006373643377
0.15848931924611134	0.030424032986371276
0.19952623149688797	0.029911036641082567
0.251188643150958	0.02960391198790331
0.31622776601683794	0.02746418459299433
