0.0031622776601683794	3.33958672004257e-8
0.003981071705534973	5.073344862523316e-8
0.005011872336272725	4.329157565741913e-8
0.00630957344480193	6.925511300184495e-8
0.007943282347242814	8.702482281909023e-8
0.01	1.0244085334383563e-7
0.012589254117941675	1.6451757877561136e-7
0.015848931924611134	1.5199993743782968e-7
0.0199526231496888	2.2591387994350236e-7
0.025118864315095794	4.282463163453143e-7
0.03162277660168379	7.918275178543599e-4
0.039810717055349734	0.001219316080890553
0.05011872336272722	0.006764958092151979
0.06309573444801933	0.01607522409483377
0.07943282347242814	0.026376911835069992
0.1	0.026925703680679633
0.12589254117941673	0.0315235703442672
0.15848931924611134	0.031489486182298576
0.19952623149688797	0.02486430213121963
0.251188643150958	0.037614240834683316
0.31622776601683794	0.028112720966942773
