1.5848931924611142e-4	1.2229114139359854e-13
1.6595869074375615e-4	1.2805454532698916e-13
1.7378008287493782e-4	1.340895701195611e-13
1.8197008586099862e-4	1.4040901686806484e-13
1.9054607179632522e-4	1.470262899662655e-13
1.995262314968887e-4	1.5395542553770833e-13
2.0892961308540471e-4	1.6121112120784768e-13
2.187761623949563e-4	1.6880876728001754e-13
2.290867652767784e-4	1.7676447938020708e-13
2.3988329190195045e-4	1.850951326404385e-13
2.5118864315095974e-4	1.9381839749303777e-13
2.6302679918954004e-4	2.0295277715244206e-13
2.7542287033381884e-4	2.1251764686249424e-13
2.8840315031266293e-4	2.2253329499431155e-13
3.019951720402044e-4	2.330209660803696e-13
3.162277660168412e-4	2.4400290587714766e-13
3.311311214825945e-4	2.5550240855138044e-13
3.467368504525356e-4	2.675438660899073e-13
3.6307805477010547e-4	2.801528200386871e-13
3.801893963205659e-4	2.933560156794229e-13
3.981071705535026e-4	3.071814587604382e-13
4.1686938347034103e-4	3.216584748999266e-13
4.3651583224017234e-4	3.3681777179027447e-13
4.570881896148817e-4	3.5269150433247664e-13
4.7863009232264586e-4	3.693133428415825e-13
5.011872336272807e-4	3.867185444654817e-13
5.248074602497814e-4	4.0494402797051043e-13
5.495408738576344e-4	4.2402845205062115e-13
5.754399373371673e-4	4.4401229732801236e-13
6.025595860743692e-4	4.649379522179005e-13
6.309573444802052e-4	4.868498028396436e-13
6.606934480076086e-4	5.097943271663779e-13
6.91830970918949e-4	5.338201936103074e-13
7.244359600750032e-4	5.589783642554245e-13
7.585775750291975e-4	5.853222029546258e-13
7.94328234724296e-4	6.129075885218369e-13
8.317637711026862e-4	6.417930332582235e-13
8.709635899560957e-4	6.720398070649164e-13
9.120108393559256e-4	7.037120674042646e-13
9.549925860214525e-4	7.368769953869052e-13
0.0010000000000000174	7.716049382716017e-13
0.0010471285480509178	8.079695586812585e-13
0.0010964781961432031	8.460479908512556e-13
0.0011481536214969017	8.859210042414356e-13
0.0012022644346174327	9.276731748591311e-13
0.001258925411794188	9.713930646560078e-13
0.001318256738556429	1.0171734093799464e-12
0.0013803842646029063	1.065111315280031e-12
0.00144543977074595	1.1153084650817282e-12
0.001513561248436232	1.1678713336699394e-12
0.0015848931924611384	1.2229114139360444e-12
0.0016595869074375869	1.2805454532697626e-12
0.0017378008287494012	1.3408957011955288e-12
0.0018197008586100104	1.4040901686805663e-12
0.0019054607179632755	1.4702628996630185e-12
0.0019952623149689093	1.5395542553772597e-12
0.0020892961308540707	1.6121112120787467e-12
0.0021877616239495833	1.688087672800598e-12
0.0022908676527678053	1.7676447938023283e-12
0.002398832919019524	1.8509513264039503e-12
0.0025118864315096154	1.9381839749302717e-12
0.002630267991895419	2.029527771524233e-12
0.002754228703338203	2.125176468625154e-12
0.002884031503126644	2.2253329499434087e-12
0.003019951720402056	2.330209660804013e-12
0.0031622776601684215	2.440029058771911e-12
0.003311311214825955	2.5550240855138744e-12
0.003467368504525359	2.675438660899191e-12
0.0036307805477010582	2.801528200386604e-12
0.003801893963205659	2.9335601567944817e-12
0.003981071705535022	3.0718145876042864e-12
0.0041686938347034064	3.216584748999961e-12
0.00436515832240171	3.36817771790447e-12
0.004570881896148803	3.5269150433328003e-12
0.004786300923226439	3.693133428447445e-12
0.005011872336272781	3.867185444773637e-12
0.005248074602497787	4.049440280120826e-12
0.0054954087385763045	4.240284521883649e-12
0.005754399373371631	4.440122977607809e-12
0.006025595860743643	4.6493795351041835e-12
0.0063095734448020005	4.868498065184689e-12
0.006606934480076032	5.097943371649411e-12
0.006918309709189433	5.338202196142114e-12
0.007244359600749973	5.58978429099137e-12
0.007585775750291913	5.853223582816975e-12
0.007943282347242895	6.129079465852224e-12
0.008317637711026794	6.417938289682758e-12
0.008709635899560886	6.720415145099571e-12
0.00912010839355918	7.037156107891746e-12
0.009549925860214447	7.368841177098255e-12
0.010000000000000092	7.716188243494884e-12
0.010471285480509086	8.079958545346005e-12
0.010964781961431946	8.460964207402394e-12
0.011481536214968923	8.860078606947738e-12
0.012022644346174229	9.278250453887606e-12
0.012589254117941777	9.716522593137959e-12
0.013182567385564175	1.0176056617931564e-11
0.013803842646028958	1.0658164404786416e-11
0.014454397707459384	1.1164347633276821e-11
0.015135612484362196	1.169634623520355e-11
0.015848931924611256	1.225619654101058e-11
0.016595869074375724	1.28462996849546e-11
0.01737800828749388	1.346950063829206e-11
0.018197008586099957	1.4129178116514187e-11
0.019054607179632598	1.4829345611890523e-11
0.01995262314968893	1.5574763992022885e-11
0.020892961308540525	1.637106652277e-11
0.021877616239495665	1.7224897846374866e-11
0.022908676527677866	1.8144069380563732e-11
0.023988329190195046	1.9137734794038754e-11
0.02511886431509595	2.021659064330706e-11
0.026302679918953964	2.1393108914976345e-11
0.027542287033381817	2.2681810114053912e-11
0.028840315031266203	2.409958771023984e-11
0.030199517204020317	2.5666097279431204e-11
0.03162277660168396	2.7404226684779548e-11
0.033113112148259266	2.9340667315652254e-11
0.034673685045253325	3.1506610993935685e-11
0.036307805477010284	3.3938602992699914e-11
0.038018939632056284	3.667958911566073e-11
0.039810717055349894	3.978020450519236e-11
0.0416869383470337	4.3300364497505374e-11
0.043651583224016764	4.731123437090571e-11
0.04570881896148766	5.189767649829396e-11
0.047863009232264	5.716130191878678e-11
0.0501187233627274	6.32242909968249e-11
0.05248074602497742	7.023419780392607e-11
0.05495408738576262	7.837001949601808e-11
0.05754399373371584	8.784990130695425e-11
0.06025595860743593	9.894096825550205e-11
0.0630957344480195	1.1197193807825224e-10
0.06606934480075974	1.2734939292440123e-10
0.0691830970918938	1.455788936652589e-10
0.07244359600749914	1.6729254416342565e-10
0.07585775750291851	1.9328520232502128e-10
0.07943282347242829	2.245623610576685e-10
0.08317637711026721	2.624038889531755e-10
0.08709635899560819	3.084494802495666e-10
0.09120108393559107	3.648140431860794e-10
0.09549925860214369	4.3424469501891423e-10
0.10000000000000007	5.203360441972512e-10
0.10471285480509002	6.27827808493754e-10
0.10964781961431856	7.630197472908168e-10
0.11481536214968832	9.343552492265921e-10
0.12022644346174131	1.1532496515900194e-9
0.12589254117941673	1.4352771344985954e-9
0.13182567385564067	1.8018882975005743e-9
0.13803842646028847	2.2829213864754653e-9
0.14454397707459268	2.920313421007248e-9
0.1513561248436207	3.773646056599083e-9
0.1584893192461112	4.928530103003775e-9
0.16595869074375594	6.509436071925786e-9
0.1737800828749374	8.699577668657059e-9
0.18197008586099822	1.1772133269722363e-8
0.19054607179632457	1.6139947677047203e-8
0.19952623149688783	2.2435792874873636e-8
0.2089296130854038	3.164392569043033e-8
0.21877616239495512	4.531911162176235e-8
0.22908676527677718	6.595724020425045e-8
0.23988329190194893	9.763317862780965e-8
0.2511886431509579	1.4711816947737714e-7
0.2630267991895381	2.2587382086327675e-7
0.2754228703338165	3.536797315558124e-7
0.2884031503126605	5.65367582210204e-7
0.30199517204020154	9.235879911425861e-7
0.31622776601683783	1.5435532390188507e-6
