1.5848931924611142e-4	9.140386871706391e-10
2.23872113856834e-4	1.214581546925642e-9
3.1622776601683794e-4	1.4758506642789582e-9
4.4668359215096305e-4	1.7318480690568e-9
6.30957344480193e-4	3.837152916986237e-9
8.912509381337459e-4	3.3990439512815947e-9
0.0012589254117941675	7.202954656172135e-9
0.0017782794100389228	8.399777543477388e-9
0.0025118864315095794	1.0558733505468769e-8
0.0035481338923357532	2.0578453223647995e-8
0.005011872336272725	2.341342023876954e-8
0.00707945784384138	3.124737196649201e-8
0.01	4.914744088494171e-8
0.01412537544622754	7.647710187235652e-8
0.0199526231496888	9.325487291999938e-8
0.028183829312644536	9.701417083258491e-4
0.039810717055349734	0.022859966384438032
0.05623413251903491	0.025280534125598834
0.07943282347242814	0.03824405574328707
0.11220184543019636	0.04112358995237932
0.15848931924611134	0.034640568454273254
0.22387211385683395	0.04143520336184891
0.31622776601683794	0.037491765181944005
