0.0031622776601683794	1.3492384683385097e-9
0.003311311214825911	1.4128261183257261e-9
0.0034673685045253167	1.479410561930797e-9
0.00363078054770101	1.5491330336857572e-9
0.003801893963205609	1.6221414243010444e-9
0.003981071705534969	1.6985905943616396e-9
0.004168693834703351	1.7786427028069923e-9
0.004365158322401657	1.8624675508924358e-9
0.004570881896148743	1.950242942361279e-9
0.004786300923226376	2.042155060594273e-9
0.005011872336272715	2.138398863542011e-9
0.005248074602497718	2.2391784972955798e-9
0.005495408738576237	2.3447077292207627e-9
0.0057543993733715545	2.455210401697975e-9
0.006025595860743562	2.5709209077311823e-9
0.006309573444801917	2.6920846901244866e-9
0.006606934480075944	2.818958766787219e-9
0.006918309709189349	2.9518122863786984e-9
0.007244359600749877	3.0909271215465554e-9
0.0075857757502918125	3.2365985123544356e-9
0.00794328234724279	3.3891357814376068e-9
0.008317637711026683	3.5488631566629343e-9
0.008709635899560779	3.7161207586342142e-9
0.009120108393559059	3.891265841419776e-9
0.00954992586021432	4.0746744172881986e-9
0.009999999999999959	4.266743451122872e-9
0.010471285480508952	4.467893877234476e-9
0.0109647819614318	4.6785747681251636e-9
0.011481536214968776	4.899269066497755e-9
0.01202264434617407	5.130501370981626e-9
0.01258925411794161	5.372848333101494e-9
0.013182567385564007	5.626952267451366e-9
0.013803842646028774	5.893538589270613e-9
0.014454397707459198	6.1734376672966715e-9
0.015135612484361995	6.46761161421807e-9
0.015848931924611044	6.77718643931712e-9
0.016595869074375512	7.103489873792408e-9
0.017378008287493647	7.448095072949875e-9
0.01819700858609972	7.812870331307572e-9
0.019054607179632345	8.200034949550865e-9
0.019952623149688667	8.612221497028847e-9
0.020892961308540257	9.052544944430776e-9
0.021877616239495374	9.524679513131305e-9
0.02290867652767757	1.0032944604676378e-8
0.023988329190194727	1.058240183171152e-8
0.025118864315095617	1.1178965962122888e-8
0.026302679918953627	1.1829533505625122e-8
0.02754228703338145	1.2542133720667034e-8
0.028840315031265835	1.3326108020253998e-8
0.030199517204019914	1.4192325151634005e-8
0.031622776601683535	1.5153441187615397e-8
0.03311311214825884	1.622421539886276e-8
0.03467368504525287	1.7421895615206318e-8
0.036307805477009826	1.8766689910842952e-8
0.03801893963205578	2.0282345597395285e-8
0.039810717055349366	2.199686188319064e-8
0.041686938347033166	2.394336955253998e-8
0.04365158322401619	2.616122015773535e-8
0.045708818961487076	2.8697339196495875e-8
0.04786300923226336	3.1607913509011436e-8
0.050118723362726735	3.496050394960328e-8
0.052480746024976745	3.883670201765781e-8
0.05495408738576189	4.333548598051676e-8
0.057543993733715104	4.857748142669185e-8
0.06025595860743513	5.47103978065605e-8
0.06309573444801865	6.191600287974808e-8
0.0660693448007589	7.041912031147435e-8
0.06918309709189288	8.049930504113841e-8
0.07244359600749821	9.250608522060424e-8
0.07585775750291751	1.0687898547763932e-7
0.07943282347242724	1.2417400317044282e-7
0.08317637711026615	1.450988544355415e-7
0.08709635899560703	1.7056022459879219e-7
0.0912010839355899	2.0172757332016514e-7
0.09549925860214242	2.401199465576467e-7
0.09999999999999877	2.877250189992972e-7
0.10471285480508864	3.471636649846875e-7
0.1096478196143171	4.219193994619068e-7
0.11481536214968682	5.166610786123057e-7
0.12022644346173975	6.377009273431797e-7
0.12589254117941506	7.936508442922939e-7
0.13182567385563895	9.963721529858507e-7
0.1380384264602866	1.2623642098653827e-6
0.1445439770745908	1.614816509280051e-6
0.15135612484361874	2.0866753234568784e-6
0.15848931924610915	2.7252800057567555e-6
0.16595869074375377	3.5994577703317806e-6
0.17378008287493515	4.810518467660243e-6
0.18197008586099583	6.509518812825109e-6
0.1905460717963221	8.92474546749921e-6
0.19952623149688523	1.2406096028088904e-5
0.2089296130854011	1.749782514977857e-5
0.2187761623949523	2.505965596236739e-5
0.22908676527677418	3.6471715543338025e-5
0.2398832919019458	5.398724245402906e-5
0.2511886431509546	8.135046299419878e-5
0.26302679918953464	1.248991879845448e-4
0.27542287033381296	1.955707443610772e-4
0.28840315031265673	3.1262565825891056e-4
0.3019951720401976	5.107072155821131e-4
0.3162277660168337	8.535231990476666e-4
