1.5848931924611142e-4	7.826633049190307e-9
1.6595869074375615e-4	8.195490900927305e-9
1.7378008287493782e-4	8.58173248765191e-9
1.8197008586099862e-4	8.986177079556149e-9
1.9054607179632522e-4	9.409682557840992e-9
1.995262314968887e-4	9.853147234413332e-9
2.0892961308540471e-4	1.031751175730225e-8
2.187761623949563e-4	1.0803761105921125e-8
2.290867652767784e-4	1.1312926680333251e-8
2.3988329190195045e-4	1.1846088488988065e-8
2.5118864315095974e-4	1.2404377439554415e-8
2.6302679918954004e-4	1.2988977737756291e-8
2.7542287033381884e-4	1.3601129399199634e-8
2.8840315031266293e-4	1.4242130879635936e-8
3.019951720402044e-4	1.4913341829143653e-8
3.162277660168412e-4	1.561618597613745e-8
3.311311214825945e-4	1.6352154147288345e-8
3.467368504525356e-4	1.712280742975407e-8
3.6307805477010547e-4	1.792978048247598e-8
3.801893963205659e-4	1.8774785003483064e-8
3.981071705535026e-4	1.9659613360668046e-8
4.1686938347034103e-4	2.05861423935953e-8
4.3651583224017234e-4	2.1556337394577566e-8
4.570881896148817e-4	2.2572256277278503e-8
4.7863009232264586e-4	2.3636053941861284e-8
5.011872336272807e-4	2.474998684579083e-8
5.248074602497814e-4	2.5916417790112673e-8
5.495408738576344e-4	2.7137820931239752e-8
5.754399373371673e-4	2.8416787028992794e-8
6.025595860743692e-4	2.9756028941945637e-8
6.309573444802052e-4	3.1158387381737183e-8
6.606934480076086e-4	3.262683693864819e-8
6.91830970918949e-4	3.416449239105967e-8
7.244359600750032e-4	3.577461531234717e-8
7.585775750291975e-4	3.746062098909605e-8
7.94328234724296e-4	3.9226085665397565e-8
8.317637711026862e-4	4.10747541285263e-8
8.709635899560957e-4	4.301054765215465e-8
9.120108393559256e-4	4.503757231387293e-8
9.549925860214525e-4	4.716012770476193e-8
0.0010000000000000174	4.938271604938251e-8
0.0010471285480509178	5.1710051755600536e-8
0.0010964781961432031	5.414707141448036e-8
0.0011481536214969017	5.669894427145188e-8
0.0012022644346174327	5.9371083190984396e-8
0.001258925411794188	6.216915613798449e-8
0.001318256738556429	6.509909820031657e-8
0.0013803842646029063	6.816712417792199e-8
0.00144543977074595	7.137974176523062e-8
0.001513561248436232	7.474376535487612e-8
0.0015848931924611384	7.826633049190684e-8
0.0016595869074375869	8.195490900926482e-8
0.0017378008287494012	8.581732487651384e-8
0.0018197008586100104	8.986177079555625e-8
0.0019054607179632755	9.40968255784332e-8
0.0019952623149689093	9.853147234414462e-8
0.0020892961308540707	1.031751175730398e-7
0.0021877616239495833	1.0803761105923829e-7
0.0022908676527678053	1.1312926680334904e-7
0.002398832919019524	1.1846088488985283e-7
0.0025118864315096154	1.240437743955374e-7
0.002630267991895419	1.298897773775509e-7
0.002754228703338203	1.3601129399200985e-7
0.002884031503126644	1.4242130879637816e-7
0.003019951720402056	1.491334182914568e-7
0.0031622776601684215	1.561618597614023e-7
0.003311311214825955	1.6352154147288796e-7
0.003467368504525359	1.7122807429754826e-7
0.0036307805477010582	1.7929780482474267e-7
0.003801893963205659	1.877478500348468e-7
0.003981071705535022	1.9659613360667433e-7
0.0041686938347034064	2.0586142393599752e-7
0.00436515832240171	2.1556337394588607e-7
0.004570881896148803	2.2572256277329922e-7
0.004786300923226439	2.3636053942063649e-7
0.005011872336272781	2.4749986846551275e-7
0.005248074602497787	2.591641779277329e-7
0.0054954087385763045	2.7137820940055346e-7
0.005754399373371631	2.8416787056689976e-7
0.006025595860743643	2.975602902466677e-7
0.0063095734448020005	3.1158387617182e-7
0.006606934480076032	3.262683757855623e-7
0.006918309709189433	3.4164494055309526e-7
0.007244359600749973	3.5774619462344774e-7
0.007585775750291913	3.746063093002864e-7
0.007943282347242895	3.9226108581454236e-7
0.008317637711026794	4.107480505396966e-7
0.008709635899560886	4.3010656928637255e-7
0.00912010839355918	4.503779909050718e-7
0.009549925860214447	4.7160583533428833e-7
0.010000000000000092	4.938360475836726e-7
0.010471285480509086	5.171173469021443e-7
0.010964781961431946	5.415017092737533e-7
0.011481536214968923	5.670450308446552e-7
0.012022644346174229	5.938080290488067e-7
0.012589254117941777	6.218574459608294e-7
0.013182567385564175	6.5126762354762e-7
0.013803842646028958	6.821225219063307e-7
0.014454397707459384	7.145182485297165e-7
0.015135612484362196	7.485661590530272e-7
0.015848931924611256	7.843965786246771e-7
0.016595869074375724	8.221631798370945e-7
0.01737800828749388	8.62048040850692e-7
0.018197008586099957	9.04267399456908e-7
0.019054607179632598	9.490781191609936e-7
0.01995262314968893	9.967848954894648e-7
0.020892961308540525	1.0477482574572798e-6
0.021877616239495665	1.1023934621679914e-6
0.022908676527677866	1.1612204403560787e-6
0.023988329190195046	1.2248150268184803e-6
0.02511886431509595	1.2938618011716517e-6
0.026302679918953964	1.3691589705584859e-6
0.027542287033381817	1.4516358472994502e-6
0.028840315031266203	1.5423736134553496e-6
0.030199517204020317	1.642630225883597e-6
0.03162277660168396	1.753870507825891e-6
0.033113112148259266	1.8778027082017441e-6
0.034673685045253325	2.016423103611884e-6
0.036307805477010284	2.172070591532795e-6
0.038018939632056284	2.3474937034022865e-6
0.039810717055349894	2.5459330883323107e-6
0.0416869383470337	2.7712233278403438e-6
0.043651583224016764	3.027918999737966e-6
0.04570881896148766	3.321451295890814e-6
0.047863009232264	3.6583233228023535e-6
0.0501187233627274	4.046354623796794e-6
0.05248074602497742	4.494988659451268e-6
0.05495408738576262	5.015681247745157e-6
0.05754399373371584	5.622393683645073e-6
0.06025595860743593	6.33222196835213e-6
0.0630957344480195	7.166204037008144e-6
0.06606934480075974	8.150361147161679e-6
0.0691830970918938	9.31704919457657e-6
0.07244359600749914	1.0706722826459243e-5
0.07585775750291851	1.2370252948801363e-5
0.07943282347242829	1.4371991107690786e-5
0.08317637711026721	1.6793848893003227e-5
0.08709635899560819	1.9740766735972263e-5
0.09120108393559107	2.3348098763909083e-5
0.09549925860214369	2.779166048121051e-5
0.10000000000000007	3.330150682862408e-5
0.10471285480509002	4.018097974360025e-5
0.10964781961431856	4.883326382661227e-5
0.11481536214968832	5.9798735950501894e-5
0.12022644346174131	7.380797770176126e-5
0.12589254117941673	9.185773660791011e-5
0.13182567385564067	1.1532085104003676e-4
0.13803842646028847	1.4610696873442976e-4
0.14454397707459268	1.8690005894446386e-4
0.1513561248436207	2.4151334762234137e-4
0.1584893192461112	3.154259265922416e-4
0.16595869074375594	4.1660390860325035e-4
0.1737800828749374	5.567729707940519e-4
0.18197008586099822	7.534165292622313e-4
0.19054607179632457	0.0010329566513310208
0.19952623149688783	0.0014358907439919126
0.2089296130854038	0.002025211244187541
0.21877616239495512	0.00290042314379279
0.22908676527677718	0.004221263373072028
0.23988329190194893	0.006248523432179818
0.2511886431509579	0.009415562846552138
0.2630267991895381	0.014455924535249711
0.2754228703338165	0.022635502819571995
0.2884031503126605	0.036183525261453055
0.30199517204020154	0.05910963143312552
0.31622776601683783	0.09878740729720643
