1.5848931924611142e-4	8.112728535069193e-8
2.23872113856834e-4	1.20506909237529e-7
3.1622776601683794e-4	1.7054772461987423e-7
4.4668359215096305e-4	2.438412627645547e-7
6.30957344480193e-4	3.446480718622816e-7
8.912509381337459e-4	5.102139406755461e-7
0.0012589254117941675	6.864783251090273e-7
0.0017782794100389228	1.0004895574751644e-6
0.0025118864315095794	1.3695050995970254e-6
0.0035481338923357532	2.0316805683537093e-6
0.005011872336272725	2.6374030777476798e-6
0.00707945784384138	3.965621955169991e-6
0.01	5.463388138102506e-6
0.01412537544622754	7.624841768390255e-6
0.0199526231496888	1.3511682452242062e-4
0.028183829312644536	0.0011917315051954644
0.039810717055349734	0.00771049060864629
0.05623413251903491	0.02480383719065642
0.07943282347242814	0.03813165017724827
0.11220184543019636	0.04782784480362967
0.15848931924611134	0.04645325903796467
0.22387211385683395	0.04610930740306196
0.31622776601683794	0.04545192662675246
