0.0031622776601683794	4.216370213557842e-12
0.003311311214825911	4.415081619767894e-12
0.0034673685045253167	4.623158006033742e-12
0.00363078054770101	4.841040730267991e-12
0.003801893963205609	5.0691919509407625e-12
0.003981071705534969	5.3080956073801255e-12
0.004168693834703351	5.558258446271851e-12
0.004365158322401657	5.820211096538863e-12
0.004570881896148743	6.094509194878997e-12
0.004786300923226376	6.3817345643571044e-12
0.005011872336272715	6.682496448568784e-12
0.005248074602497718	6.997432804048686e-12
0.005495408738576237	7.327211653814886e-12
0.0057543993733715545	7.672532505306172e-12
0.006025595860743562	8.034127836659947e-12
0.006309573444801917	8.41276465663902e-12
0.006606934480075944	8.80924614621006e-12
0.006918309709189349	9.22441339493343e-12
0.007244359600749877	9.659147254832986e-12
0.0075857757502918125	1.011437035110761e-11
0.00794328234724279	1.0591049316992523e-11
0.008317637711026683	1.1090197364571667e-11
0.008709635899560779	1.1612877370731918e-11
0.009120108393559059	1.2160205754436796e-11
0.00954992586021432	1.2733357554025623e-11
0.009999999999999959	1.3333573284758978e-11
0.010471285480508952	1.3962168366357736e-11
0.0109647819614318	1.4620546150391137e-11
0.011481536214968776	1.5310215832805484e-11
0.01202264434617407	1.6032816784317582e-11
0.01258925411794161	1.679015104094217e-11
0.013182567385564007	1.758422583578552e-11
0.013803842646028774	1.8417308091470663e-11
0.014454397707459198	1.9291992710302104e-11
0.015135612484361995	2.021128629443147e-11
0.015848931924611044	2.1178707622865998e-11
0.016595869074375512	2.2198405855601277e-11
0.017378008287493647	2.3275297102968356e-11
0.01819700858609972	2.4415219785336163e-11
0.019054607179632345	2.5625109217346453e-11
0.019952623149688667	2.6913192178215147e-11
0.020892961308540257	2.8289202951346175e-11
0.021877616239495374	2.976462347853532e-11
0.02290867652767757	3.1352951889613676e-11
0.023988329190194727	3.3070005724098507e-11
0.025118864315095617	3.493426863163403e-11
0.026302679918953627	3.69672922050785e-11
0.02754228703338145	3.9194167877084475e-11
0.028840315031265835	4.164408756329374e-11
0.030199517204019914	4.4351016098856277e-11
0.031622776601683535	4.735450371129812e-11
0.03311311214825884	5.070067312144612e-11
0.03467368504525287	5.444342379751973e-11
0.036307805477009826	5.864590597138423e-11
0.03801893963205578	6.338232999186025e-11
0.039810717055349366	6.874019338497074e-11
0.041686938347033166	7.482302985168744e-11
0.04365158322401619	8.175381299292297e-11
0.045708818961487076	8.96791849890496e-11
0.04786300923226336	9.877472971566074e-11
0.050118723362726735	1.0925157484251024e-10
0.052480746024976745	1.2136469380518063e-10
0.05495408738576189	1.3542339368911489e-10
0.057543993733715104	1.5180462945841206e-10
0.06025595860743513	1.7096999314550156e-10
0.06309573444801865	1.9348750899921273e-10
0.0660693448007589	2.2005975097335732e-10
0.06918309709189288	2.515603282535575e-10
0.07244359600749821	2.890815163143882e-10
0.07585775750291751	3.339968296176229e-10
0.07943282347242724	3.8804375990763395e-10
0.08317637711026615	4.5343392011106714e-10
0.08709635899560703	5.330007018712257e-10
0.0912010839355899	6.303986666255162e-10
0.09549925860214242	7.503748329926461e-10
0.09999999999999877	8.991406843728038e-10
0.10471285480508864	1.0848864530771483e-9
0.1096478196143171	1.3184981233184586e-9
0.11481536214968682	1.614565870663455e-9
0.12022644346173975	1.9928153979474364e-9
0.12589254117941506	2.4801588884134184e-9
0.13182567385563895	3.1136629780807836e-9
0.1380384264602866	3.94488815582932e-9
0.1445439770745908	5.0463015915001595e-9
0.15135612484361874	6.5208603858027446e-9
0.15848931924610915	8.516500017989859e-9
0.16595869074375377	1.1248305532286814e-8
0.17378008287493515	1.5032870211438258e-8
0.18197008586099583	2.0342246290078463e-8
0.1905460717963221	2.7889829585935023e-8
0.19952623149688523	3.876905008777782e-8
0.2089296130854011	5.468070359305806e-8
0.2187761623949523	7.83114248823981e-8
0.22908676527677418	1.1397411107293133e-7
0.2398832919019458	1.6871013266884084e-7
0.2511886431509546	2.5422019685687106e-7
0.26302679918953464	3.9030996245170253e-7
0.27542287033381296	6.111585761283664e-7
0.28840315031265673	9.769551820590953e-7
0.3019951720401976	1.5959600486941034e-6
0.3162277660168337	2.6672599970239582e-6
