1.5848931924611142e-4	1.1006202725423872e-12
1.6595869074375615e-4	1.1524909079429025e-12
1.7378008287493782e-4	1.20680613107605e-12
1.8197008586099862e-4	1.2636811518125835e-12
1.9054607179632522e-4	1.3232366096963892e-12
1.995262314968887e-4	1.385598829839375e-12
2.0892961308540471e-4	1.450900090870629e-12
2.187761623949563e-4	1.519278905520158e-12
2.290867652767784e-4	1.5908803144218636e-12
2.3988329190195045e-4	1.6658561937639463e-12
2.5118864315095974e-4	1.7443655774373396e-12
2.6302679918954004e-4	1.8265749943719786e-12
2.7542287033381884e-4	1.9126588217624484e-12
2.8840315031266293e-4	2.0027996549488036e-12
3.019951720402044e-4	2.0971886947233263e-12
3.162277660168412e-4	2.196026152894329e-12
3.311311214825945e-4	2.299521676962424e-12
3.467368504525356e-4	2.407894794809166e-12
3.6307805477010547e-4	2.5213753803481844e-12
3.801893963205659e-4	2.6402041411148063e-12
3.981071705535026e-4	2.764633128843944e-12
4.1686938347034103e-4	2.8949262740993396e-12
4.3651583224017234e-4	3.03135994611247e-12
4.570881896148817e-4	3.17422353899229e-12
4.7863009232264586e-4	3.3238200855742427e-12
5.011872336272807e-4	3.4804669001893353e-12
5.248074602497814e-4	3.6444962517345944e-12
5.495408738576344e-4	3.81625606845559e-12
5.754399373371673e-4	3.996110675952112e-12
6.025595860743692e-4	4.184441569961105e-12
6.309573444802052e-4	4.381648225556792e-12
6.606934480076086e-4	4.588148944497401e-12
6.91830970918949e-4	4.8043817424927664e-12
7.244359600750032e-4	5.03080527829882e-12
7.585775750291975e-4	5.2678998265916305e-12
7.94328234724296e-4	5.516168296696532e-12
8.317637711026862e-4	5.776137299324012e-12
8.709635899560957e-4	6.0483582635842485e-12
9.120108393559256e-4	6.333408606638381e-12
9.549925860214525e-4	6.631892958482146e-12
0.0010000000000000174	6.944444444444414e-12
0.0010471285480509178	7.271726028131326e-12
0.0010964781961432031	7.614431917661302e-12
0.0011481536214969017	7.973289038172921e-12
0.0012022644346174327	8.34905857373218e-12
0.001258925411794188	8.742537581904068e-12
0.001318256738556429	9.154560684419517e-12
0.0013803842646029063	9.586001837520281e-12
0.00144543977074595	1.0037776185735554e-11
0.001513561248436232	1.0510842003029453e-11
0.0015848931924611384	1.1006202725424399e-11
0.0016595869074375869	1.1524909079427864e-11
0.0017378008287494012	1.2068061310759758e-11
0.0018197008586100104	1.2636811518125098e-11
0.0019054607179632755	1.3232366096967166e-11
0.0019952623149689093	1.3855988298395336e-11
0.0020892961308540707	1.4509000908708718e-11
0.0021877616239495833	1.5192789055205384e-11
0.0022908676527678053	1.5908803144220956e-11
0.002398832919019524	1.6658561937635552e-11
0.0025118864315096154	1.744365577437245e-11
0.002630267991895419	1.8265749943718096e-11
0.002754228703338203	1.9126588217626386e-11
0.002884031503126644	2.002799654949068e-11
0.003019951720402056	2.0971886947236113e-11
0.0031622776601684215	2.19602615289472e-11
0.003311311214825955	2.299521676962487e-11
0.003467368504525359	2.407894794809272e-11
0.0036307805477010582	2.5213753803479437e-11
0.003801893963205659	2.640204141115033e-11
0.003981071705535022	2.7646331288438572e-11
0.0041686938347034064	2.8949262740999648e-11
0.00436515832240171	3.031359946114022e-11
0.004570881896148803	3.17422353899952e-11
0.004786300923226439	3.3238200856027006e-11
0.005011872336272781	3.480466900296273e-11
0.005248074602497787	3.6444962521087436e-11
0.0054954087385763045	3.8162560696952843e-11
0.005754399373371631	3.996110679847029e-11
0.006025595860743643	4.184441581593763e-11
0.0063095734448020005	4.38164825866622e-11
0.006606934480076032	4.58814903448447e-11
0.006918309709189433	4.804381976527903e-11
0.007244359600749973	5.030805861892232e-11
0.007585775750291913	5.267901224535276e-11
0.007943282347242895	5.516171519267002e-11
0.008317637711026794	5.7761444607144834e-11
0.008709635899560886	6.048373630589614e-11
0.00912010839355918	6.333440497102573e-11
0.009549925860214447	6.631957059388429e-11
0.010000000000000092	6.944569419145395e-11
0.010471285480509086	7.271962690811406e-11
0.010964781961431946	7.614867786662158e-11
0.011481536214968923	7.974070746252963e-11
0.012022644346174229	8.350425408498846e-11
0.012589254117941777	8.744870333824162e-11
0.013182567385564175	9.158450956138407e-11
0.013803842646028958	9.592347964307775e-11
0.014454397707459384	1.0047912869949136e-10
0.015135612484362196	1.0526711611683195e-10
0.015848931924611256	1.1030576886909519e-10
0.016595869074375724	1.1561669716459141e-10
0.01737800828749388	1.2122550574462854e-10
0.018197008586099957	1.2716260304862766e-10
0.019054607179632598	1.3346411050701473e-10
0.01995262314968893	1.4017287592820597e-10
0.020892961308540525	1.4733959870493003e-10
0.021877616239495665	1.5502408061737375e-10
0.022908676527677866	1.6329662442507363e-10
0.023988329190195046	1.722396131463488e-10
0.02511886431509595	1.8194931578976354e-10
0.026302679918953964	1.9253798023478706e-10
0.027542287033381817	2.041362910264852e-10
0.028840315031266203	2.1689628939215857e-10
0.030199517204020317	2.3099487551488085e-10
0.03162277660168396	2.466380401630159e-10
0.033113112148259266	2.640660058408703e-10
0.034673685045253325	2.8355949894542113e-10
0.036307805477010284	3.054474269342992e-10
0.038018939632056284	3.3011630204094647e-10
0.039810717055349894	3.580218405467312e-10
0.0416869383470337	3.897032804775484e-10
0.043651583224016764	4.2580110933815144e-10
0.04570881896148766	4.670790884846457e-10
0.047863009232264	5.144517172690809e-10
0.0501187233627274	5.690186189714241e-10
0.05248074602497742	6.321077802353347e-10
0.05495408738576262	7.053301754641626e-10
0.05754399373371584	7.906491117625883e-10
0.06025595860743593	8.904687142995185e-10
0.0630957344480195	1.00774744270427e-9
0.06606934480075974	1.1461445363196111e-9
0.0691830970918938	1.3102100429873303e-9
0.07244359600749914	1.5056328974708308e-9
0.07585775750291851	1.7395668209251915e-9
0.07943282347242829	2.0210612495190164e-9
0.08317637711026721	2.3616350005785795e-9
0.08709635899560819	2.7760453222461e-9
0.09120108393559107	3.2833263886747147e-9
0.09549925860214369	3.90820225517023e-9
0.10000000000000007	4.683024397775262e-9
0.10471285480509002	5.650450276443788e-9
0.10964781961431856	6.867177725617351e-9
0.11481536214968832	8.409197243039328e-9
0.12022644346174131	1.0379246864310177e-8
0.12589254117941673	1.2917494210487358e-8
0.13182567385564067	1.621699467750517e-8
0.13803842646028847	2.0546292478279186e-8
0.14454397707459268	2.6282820789065232e-8
0.1513561248436207	3.396281450939175e-8
0.1584893192461112	4.435677092703397e-8
0.16595869074375594	5.858492464733207e-8
0.1737800828749374	7.829619901791355e-8
0.18197008586099822	1.0594919942750127e-7
0.19054607179632457	1.452595290934248e-7
0.19952623149688783	2.0192213587386273e-7
0.2089296130854038	2.8479533121387297e-7
0.21877616239495512	4.0787200459586113e-7
0.22908676527677718	5.93615161838254e-7
0.23988329190194893	8.786986076502867e-7
0.2511886431509579	1.3240635252963943e-6
0.2630267991895381	2.03286438776949e-6
0.2754228703338165	3.183117584002312e-6
0.2884031503126605	5.088308239891836e-6
0.30199517204020154	8.312291920283276e-6
0.31622776601683783	1.3891979151169654e-5
