0.0031622776601683794	3.414122881010563e-8
0.003981071705534973	4.130121139155428e-8
0.005011872336272725	5.410750275739164e-8
0.00630957344480193	7.077903464428585e-8
0.007943282347242814	8.097404628908782e-8
0.01	1.0851940103131372e-7
0.012589254117941675	1.3225987122591955e-7
0.015848931924611134	1.514951708022228e-7
0.0199526231496888	2.0627783800877652e-7
0.025118864315095794	3.63766516871605e-7
0.03162277660168379	4.365258314405656e-7
0.039810717055349734	3.532734472394887e-4
0.05011872336272722	0.007140477587263727
0.06309573444801933	0.016621217150992264
0.07943282347242814	0.03179470610076587
0.1	0.035455272399391266
0.12589254117941673	0.039607006234061125
0.15848931924611134	0.03872714742256694
0.19952623149688797	0.03976998844169115
0.251188643150958	0.04136483080603683
0.31622776601683794	0.03567704086863511
