1.5848931924611142e-4	3.3328602419007905e-10
2.23872113856834e-4	4.850107993945569e-10
3.1622776601683794e-4	6.654881303806783e-10
4.4668359215096305e-4	9.801354786973748e-10
6.30957344480193e-4	1.366556304359906e-9
8.912509381337459e-4	1.8849695897270668e-9
0.0012589254117941675	2.713739238713409e-9
0.0017782794100389228	3.681092097759289e-9
0.0025118864315095794	5.3417139354090805e-9
0.0035481338923357532	7.925153826848709e-9
0.005011872336272725	1.0644479221524429e-8
0.00707945784384138	1.597722238915112e-8
0.01	2.11100611084106e-8
0.01412537544622754	3.017721521158804e-8
0.0199526231496888	7.697920137990353e-5
0.028183829312644536	0.0013563603693276774
0.039810717055349734	0.010781581923397647
0.05623413251903491	0.02756261341149767
0.07943282347242814	0.03640257306991057
0.11220184543019636	0.03905229351793832
0.15848931924611134	0.03845507813639678
0.22387211385683395	0.03987341432057392
0.31622776601683794	0.039749067449948286
