0.001584893192461114	6.277731624485098e-14
0.001995262314968879	7.351506803307819e-14
0.0025118864315095794	7.968218354710867e-14
0.0031622776601683794	1.118834347070102e-13
0.003981071705534973	1.5148582183071558e-13
0.005011872336272725	2.9828012819185864e-13
0.00630957344480193	2.9688764501743347e-13
0.007943282347242814	2.6886020671740556e-13
0.01	4.421518737520995e-13
0.012589254117941675	5.384697991740607e-13
0.015848931924611134	4.947431654356733e-13
0.0199526231496888	1.0528607786908363e-12
0.025118864315095794	1.1440233646506406e-12
0.03162277660168379	2.61321631215733e-12
0.039810717055349734	4.0888994371769e-12
0.05011872336272722	8.392798288122915e-12
0.06309573444801933	1.824501856921421e-11
0.07943282347242814	3.2512175936806285e-11
0.1	7.4233040449515e-11
0.12589254117941673	0.017697247222786375
0.15848931924611134	0.033927770244649436
0.19952623149688797	0.04174678290080555
0.251188643150958	0.03458983157186737
0.31622776601683794	0.041299867084514774
0.3981071705534972	0.041475041922265914
0.5011872336272722	0.034525779718627525
