1.5848931924611142e-4	3.1306532196761227e-10
1.6595869074375615e-4	3.278196360370922e-10
1.7378008287493782e-4	3.432692995060764e-10
1.8197008586099862e-4	3.59447083182246e-10
1.9054607179632522e-4	3.763873023136397e-10
1.995262314968887e-4	3.941258893765333e-10
2.0892961308540471e-4	4.1270047029209004e-10
2.187761623949563e-4	4.321504442368449e-10
2.290867652767784e-4	4.525170672133301e-10
2.3988329190195045e-4	4.738435395595225e-10
2.5118864315095974e-4	4.961750975821766e-10
2.6302679918954004e-4	5.195591095102518e-10
2.7542287033381884e-4	5.440451759679854e-10
2.8840315031266293e-4	5.696852351854376e-10
3.019951720402044e-4	5.965336731657461e-10
3.162277660168412e-4	6.24647439045498e-10
3.311311214825945e-4	6.540861658915339e-10
3.467368504525356e-4	6.849122971901627e-10
3.6307805477010547e-4	7.17191219299039e-10
3.801893963205659e-4	7.509914001393226e-10
3.981071705535026e-4	7.86384534426722e-10
4.1686938347034103e-4	8.234456957438122e-10
4.3651583224017234e-4	8.622534957831025e-10
4.570881896148817e-4	9.028902510911401e-10
4.7863009232264586e-4	9.45442157674451e-10
5.011872336272807e-4	9.899994738316332e-10
5.248074602497814e-4	1.0366567116045069e-9
5.495408738576344e-4	1.0855128372495903e-9
5.754399373371673e-4	1.1366714811597117e-9
6.025595860743692e-4	1.1902411576778255e-9
6.309573444802052e-4	1.2463354952694873e-9
6.606934480076086e-4	1.3050734775459273e-9
6.91830970918949e-4	1.366579695642387e-9
7.244359600750032e-4	1.430984612493887e-9
7.585775750291975e-4	1.4984248395638417e-9
7.94328234724296e-4	1.5690434266159028e-9
8.317637711026862e-4	1.642990165141052e-9
8.709635899560957e-4	1.720421906086186e-9
9.120108393559256e-4	1.8015028925549174e-9
9.549925860214525e-4	1.8864051081904773e-9
0.0010000000000000174	1.9753086419753003e-9
0.0010471285480509178	2.0684020702240215e-9
0.0010964781961432031	2.1658828565792147e-9
0.0011481536214969017	2.2679577708580753e-9
0.0012022644346174327	2.3748433276393756e-9
0.001258925411794188	2.4867662455193795e-9
0.001318256738556429	2.6039639280126623e-9
0.0013803842646029063	2.72668496711688e-9
0.00144543977074595	2.855189670609224e-9
0.001513561248436232	2.9897506141950444e-9
0.0015848931924611384	3.1306532196762738e-9
0.0016595869074375869	3.2781963603705922e-9
0.0017378008287494012	3.4326929950605536e-9
0.0018197008586100104	3.59447083182225e-9
0.0019054607179632755	3.763873023137328e-9
0.0019952623149689093	3.941258893765785e-9
0.0020892961308540707	4.127004702921591e-9
0.0021877616239495833	4.321504442369531e-9
0.0022908676527678053	4.525170672133962e-9
0.002398832919019524	4.738435395594113e-9
0.0025118864315096154	4.961750975821496e-9
0.002630267991895419	5.195591095102037e-9
0.002754228703338203	5.440451759680394e-9
0.002884031503126644	5.696852351855126e-9
0.003019951720402056	5.965336731658273e-9
0.0031622776601684215	6.246474390456093e-9
0.003311311214825955	6.540861658915519e-9
0.003467368504525359	6.849122971901928e-9
0.0036307805477010582	7.171912192989706e-9
0.003801893963205659	7.509914001393874e-9
0.003981071705535022	7.863845344266971e-9
0.0041686938347034064	8.234456957439901e-9
0.00436515832240171	8.62253495783544e-9
0.004570881896148803	9.028902510931969e-9
0.004786300923226439	9.454421576825457e-9
0.005011872336272781	9.899994738620511e-9
0.005248074602497787	1.0366567117109315e-8
0.0054954087385763045	1.0855128376022138e-8
0.005754399373371631	1.136671482267599e-8
0.006025595860743643	1.1902411609866706e-8
0.0063095734448020005	1.2463355046872804e-8
0.006606934480076032	1.3050735031422491e-8
0.006918309709189433	1.3665797622123814e-8
0.007244359600749973	1.4309847784937906e-8
0.007585775750291913	1.4984252372011455e-8
0.007943282347242895	1.569044343258169e-8
0.008317637711026794	1.6429922021587866e-8
0.008709635899560886	1.7204262771454908e-8
0.00912010839355918	1.8015119636202874e-8
0.009549925860214447	1.8864233413371528e-8
0.010000000000000092	1.97534419033469e-8
0.010471285480509086	2.068469387608577e-8
0.010964781961431946	2.166006837095013e-8
0.011481536214968923	2.2681801233786206e-8
0.012022644346174229	2.375232116195227e-8
0.012589254117941777	2.4874297838433174e-8
0.013182567385564175	2.6050704941904797e-8
0.013803842646028958	2.7284900876253235e-8
0.014454397707459384	2.858072994118866e-8
0.015135612484362196	2.9942646362121096e-8
0.015848931924611256	3.1375863144987075e-8
0.016595869074375724	3.288652719348378e-8
0.01737800828749388	3.448192163402767e-8
0.018197008586099957	3.617069597827631e-8
0.019054607179632598	3.7963124766439735e-8
0.01995262314968893	3.9871395819578595e-8
0.020892961308540525	4.190993029829121e-8
0.021877616239495665	4.409573848671965e-8
0.022908676527677866	4.644881761424316e-8
0.023988329190195046	4.899260107273921e-8
0.02511886431509595	5.175447204686609e-8
0.026302679918953964	5.476635882233942e-8
0.027542287033381817	5.8065433891978024e-8
0.028840315031266203	6.169494453821398e-8
0.030199517204020317	6.570520903534387e-8
0.03162277660168396	7.015482031303564e-8
0.033113112148259266	7.511210832806976e-8
0.034673685045253325	8.065692414447536e-8
0.036307805477010284	8.688282366131175e-8
0.038018939632056284	9.389974813609143e-8
0.039810717055349894	1.0183732353329243e-7
0.0416869383470337	1.1084893311361376e-7
0.043651583224016764	1.2111675998951864e-7
0.04570881896148766	1.3285805183563256e-7
0.047863009232264	1.4633293291209414e-7
0.0501187233627274	1.618541849518717e-7
0.05248074602497742	1.7979954637805069e-7
0.05495408738576262	2.0062724990980628e-7
0.05754399373371584	2.2489574734580296e-7
0.06025595860743593	2.5328887873408525e-7
0.0630957344480195	2.866481614803257e-7
0.06606934480075974	3.260144458864671e-7
0.0691830970918938	3.726819677830628e-7
0.07244359600749914	4.2826891305836966e-7
0.07585775750291851	4.948101179520546e-7
0.07943282347242829	5.748796443076314e-7
0.08317637711026721	6.717539557201292e-7
0.08709635899560819	7.896306694388908e-7
0.09120108393559107	9.339239505563632e-7
0.09549925860214369	1.111666419248421e-6
0.10000000000000007	1.3320602731449632e-6
0.10471285480509002	1.6072391897440102e-6
0.10964781961431856	1.9533305530644907e-6
0.11481536214968832	2.391949438020076e-6
0.12022644346174131	2.95231910807045e-6
0.12589254117941673	3.674309464316404e-6
0.13182567385564067	4.61283404160147e-6
0.13803842646028847	5.8442787493771905e-6
0.14454397707459268	7.476002357778555e-6
0.1513561248436207	9.660533904893655e-6
0.1584893192461112	1.2617037063689665e-5
0.16595869074375594	1.6664156344130013e-5
0.1737800828749374	2.227091883176207e-5
0.18197008586099822	3.013666117048925e-5
0.19054607179632457	4.131826605324083e-5
0.19952623149688783	5.7435629759676504e-5
0.2089296130854038	8.100844976750165e-5
0.21877616239495512	1.1601692575171161e-4
0.22908676527677718	1.6885053492288112e-4
0.23988329190194893	2.4994093728719267e-4
0.2511886431509579	3.766225138620855e-4
0.2630267991895381	5.782369814099884e-4
0.2754228703338165	9.054201127828798e-4
0.2884031503126605	0.0014473410104581218
0.30199517204020154	0.0023643852573250208
0.31622776601683783	0.003951496291888258
