1.5848931924611142e-4	7.57558985599295e-10
2.23872113856834e-4	1.118156576074951e-9
3.1622776601683794e-4	1.5981868336245317e-9
4.4668359215096305e-4	2.2443832992695605e-9
6.30957344480193e-4	3.0623241048868026e-9
8.912509381337459e-4	4.29290490791349e-9
0.0012589254117941675	6.002492558734894e-9
0.0017782794100389228	8.969711573182807e-9
0.0025118864315095794	1.2521792224712553e-8
0.0035481338923357532	1.7047043052173647e-8
0.005011872336272725	2.5254576284892243e-8
0.00707945784384138	3.582910875760475e-8
0.01	4.9468646712366426e-8
0.01412537544622754	6.902122476275801e-8
0.0199526231496888	2.3170779686199788e-4
0.028183829312644536	0.0016609424379342619
0.039810717055349734	0.011932370119302564
0.05623413251903491	0.028314242085153978
0.07943282347242814	0.038725281389994405
0.11220184543019636	0.03887917620220525
0.15848931924611134	0.03873030224311117
0.22387211385683395	0.040227069018831
0.31622776601683794	0.03981092192102716
