0.0031622776601683794	1.6865480854231369e-13
0.003311311214825911	1.766032647907158e-13
0.0034673685045253167	1.8492632024134962e-13
0.00363078054770101	1.9364162921071964e-13
0.003801893963205609	2.0276767803763051e-13
0.003981071705534969	2.1232382429520494e-13
0.004168693834703351	2.2233033785087406e-13
0.004365158322401657	2.328084438615545e-13
0.004570881896148743	2.4378036779515984e-13
0.004786300923226376	2.5526938257428413e-13
0.005011872336272715	2.6729985794275136e-13
0.005248074602497718	2.798973121619475e-13
0.005495408738576237	2.930884661525953e-13
0.0057543993733715545	3.069013002122469e-13
0.006025595860743562	3.213651134663979e-13
0.006309573444801917	3.3651058626556085e-13
0.006606934480075944	3.5236984584840237e-13
0.006918309709189349	3.689765357973373e-13
0.007244359600749877	3.8636589019331936e-13
0.0075857757502918125	4.0457481404430446e-13
0.00794328234724279	4.236419726797008e-13
0.008317637711026683	4.436078945828667e-13
0.008709635899560779	4.645150948292767e-13
0.009120108393559059	4.864082301774719e-13
0.00954992586021432	5.093343021610248e-13
0.009999999999999959	5.333429313903591e-13
0.010471285480508952	5.584867346543095e-13
0.0109647819614318	5.848218460156455e-13
0.011481536214968776	6.124086333122195e-13
0.01202264434617407	6.413126713727033e-13
0.01258925411794161	6.716060416376868e-13
0.013182567385564007	7.033690334314208e-13
0.013803842646028774	7.366923236588266e-13
0.014454397707459198	7.716797084120841e-13
0.015135612484361995	8.084514517772587e-13
0.015848931924611044	8.4714830491464e-13
0.016595869074375512	8.87936234224051e-13
0.017378008287493647	9.310118841187344e-13
0.01819700858609972	9.766087914134467e-13
0.019054607179632345	1.0250043686938582e-12
0.019952623149688667	1.0765276871286057e-12
0.020892961308540257	1.1315681180538473e-12
0.021877616239495374	1.1905849391414129e-12
0.02290867652767757	1.2541180755845475e-12
0.023988329190194727	1.3228002289639397e-12
0.025118864315095617	1.3973707452653607e-12
0.026302679918953627	1.4786916882031403e-12
0.02754228703338145	1.567766715083379e-12
0.028840315031265835	1.6657635025317498e-12
0.030199517204019914	1.7740406439542508e-12
0.031622776601683535	1.894180148451925e-12
0.03311311214825884	2.0280269248578453e-12
0.03467368504525287	2.17773695190079e-12
0.036307805477009826	2.345836238855369e-12
0.03801893963205578	2.5352931996744103e-12
0.039810717055349366	2.74960773539883e-12
0.041686938347033166	2.992921194067498e-12
0.04365158322401619	3.270152519716919e-12
0.045708818961487076	3.587167399561984e-12
0.04786300923226336	3.9509891886264304e-12
0.050118723362726735	4.37006299370041e-12
0.052480746024976745	4.854587752207225e-12
0.05495408738576189	5.416935747564596e-12
0.057543993733715104	6.072185178336482e-12
0.06025595860743513	6.8387997258200625e-12
0.06309573444801865	7.739500359968512e-12
0.0660693448007589	8.802390038934292e-12
0.06918309709189288	1.00624131301423e-11
0.07244359600749821	1.1563260652575529e-11
0.07585775750291751	1.3359873184704916e-11
0.07943282347242724	1.5521750396305357e-11
0.08317637711026615	1.8137356804442688e-11
0.08709635899560703	2.1320028074849025e-11
0.0912010839355899	2.5215946665020646e-11
0.09549925860214242	3.001499331970584e-11
0.09999999999999877	3.596562737491215e-11
0.10471285480508864	4.339545812308594e-11
0.1096478196143171	5.2739924932738357e-11
0.11481536214968682	6.45826348265382e-11
0.12022644346173975	7.971261591789745e-11
0.12589254117941506	9.920635553653674e-11
0.13182567385563895	1.245465191232313e-10
0.1380384264602866	1.5779552623317283e-10
0.1445439770745908	2.018520636600064e-10
0.15135612484361874	2.6083441543210973e-10
0.15848931924610915	3.4066000071959444e-10
0.16595869074375377	4.499322212914726e-10
0.17378008287493515	6.013148084575303e-10
0.18197008586099583	8.136898516031385e-10
0.1905460717963221	1.1155931834374011e-9
0.19952623149688523	1.550762003511113e-9
0.2089296130854011	2.1872281437223215e-9
0.2187761623949523	3.132456995295923e-9
0.22908676527677418	4.5589644429172535e-9
0.2398832919019458	6.7484053067536315e-9
0.2511886431509546	1.0168807874274845e-8
0.26302679918953464	1.56123984980681e-8
0.27542287033381296	2.4446343045134653e-8
0.28840315031265673	3.9078207282363824e-8
0.3019951720401976	6.383840194776413e-8
0.3162277660168337	1.0669039988095831e-7
