0.0031622776601683794	3.861365851939068e-12
0.003981071705534973	5.7207315699045906e-12
0.005011872336272725	7.1558765564347685e-12
0.00630957344480193	9.294776816098777e-12
0.007943282347242814	8.267613594896428e-12
0.01	1.0270859866978927e-11
0.012589254117941675	1.5514055485845504e-11
0.015848931924611134	2.482668272400586e-11
0.0199526231496888	2.876935192055335e-11
0.025118864315095794	3.715796527917273e-11
0.03162277660168379	5.938751069052392e-11
0.039810717055349734	1.323781771170587e-10
0.05011872336272722	2.985728148805081e-10
0.06309573444801933	5.183895080674349e-10
0.07943282347242814	1.2050703275650577e-9
0.1	2.265494764494562e-9
0.12589254117941673	0.01230645107203294
0.15848931924611134	0.03886841267505425
0.19952623149688797	0.037015753927482596
0.251188643150958	0.03750428421917817
0.31622776601683794	0.03459177425893305
