0.0031622776601683794	3.1678213475265528e-12
0.003311311214825911	3.317116168120131e-12
0.0034673685045253167	3.4734470368397764e-12
0.00363078054770101	3.6371455524177245e-12
0.003801893963205609	3.80855894135294e-12
0.003981071705534969	3.988050794425338e-12
0.004168693834703351	4.176001837920249e-12
0.004365158322401657	4.372810741201249e-12
0.004570881896148743	4.578894962343348e-12
0.004786300923226376	4.794691633626675e-12
0.005011872336272715	5.020658488781956e-12
0.005248074602497718	5.257274833996008e-12
0.005495408738576237	5.5050425648496506e-12
0.0057543993733715545	5.764487231634991e-12
0.006025595860743562	6.036159156017992e-12
0.006309573444801917	6.320634603034577e-12
0.006606934480075944	6.6185170144328015e-12
0.006918309709189349	6.930438313248256e-12
0.007244359600749877	7.257060296643867e-12
0.0075857757502918125	7.599076146587235e-12
0.00794328234724279	7.957212108935028e-12
0.008317637711026683	8.332229424922363e-12
0.008709635899560779	8.724926649685888e-12
0.009120108393559059	9.136142565316902e-12
0.00954992586021432	9.56675999551136e-12
0.009999999999999959	1.0017710957745286e-11
0.010471285480508952	1.048998374632437e-11
0.0109647819614318	1.0984632720053446e-11
0.011481536214968776	1.1502791760184438e-11
0.01202264434617407	1.2045692550201037e-11
0.01258925411794161	1.2614688986432887e-11
0.013182567385564007	1.3211289132821578e-11
0.013803842646028774	1.38371961618863e-11
0.014454397707459198	1.4494359662135316e-11
0.015135612484361995	1.5185038538265566e-11
0.015848931924611044	1.5911876501026296e-11
0.016595869074375512	1.667799087573349e-11
0.017378008287493647	1.748707520884174e-11
0.01819700858609972	1.8343515991988102e-11
0.019054607179632345	1.9252523829711834e-11
0.019952623149688667	2.0220279623001614e-11
0.020892961308540257	2.1254096883054976e-11
0.021877616239495374	2.2362602162686193e-11
0.02290867652767757	2.3555936806621847e-11
0.023988329190194727	2.4845984766415106e-11
0.025118864315095617	2.6246633081618355e-11
0.026302679918953627	2.7774073782929e-11
0.02754228703338145	2.944715843507474e-11
0.028840315031265835	3.128781935634391e-11
0.030199517204019914	3.332157483009488e-11
0.031622776601683535	3.557813952764698e-11
0.03311311214825884	3.809216613181527e-11
0.03467368504525287	4.0904150110833756e-11
0.036307805477009826	4.406153716858319e-11
0.03801893963205578	4.762008263851258e-11
0.039810717055349366	5.1645524706965244e-11
0.041686938347033166	5.621564977587336e-11
0.04365158322401619	6.142284973172273e-11
0.045708818961487076	6.737729901506356e-11
0.04786300923226336	7.421091639042882e-11
0.050118723362726735	8.20823252009844e-11
0.052480746024976745	9.118309076272024e-11
0.05495408738576189	1.0174560006695332e-10
0.057543993733715104	1.1405306495748466e-10
0.06025595860743513	1.2845228636025662e-10
0.06309573444801865	1.4537002930068573e-10
0.0660693448007589	1.6533414798899873e-10
0.06918309709189288	1.8900099793655715e-10
0.07244359600749821	2.1719122187407082e-10
0.07585775750291751	2.5093676154592256e-10
0.07943282347242724	2.915430202161036e-10
0.08317637711026615	3.406716154102683e-10
0.08709635899560703	4.0045131620678115e-10
0.0912010839355899	4.736278487043697e-10
0.09549925860214242	5.637677182514244e-10
0.09999999999999877	6.755377042620614e-10
0.10471285480508864	8.150912494944765e-10
0.1096478196143171	9.906071550101117e-10
0.11481536214968682	1.213047235659996e-9
0.12022644346173975	1.4972317039424765e-9
0.12589254117941506	1.863380081452606e-9
0.13182567385563895	2.3393410804513777e-9
0.1380384264602866	2.963852859375898e-9
0.1445439770745908	3.7913610755072565e-9
0.15135612484361874	4.899218922466374e-9
0.15848931924610915	6.398572515394335e-9
0.16595869074375377	8.451018431470184e-9
0.17378008287493515	1.1294417889885994e-8
0.18197008586099583	1.5283430721321158e-8
0.1905460717963221	2.0954041762535703e-8
0.19952623149688523	2.9127761147842098e-8
0.2089296130854011	4.1082421933176604e-8
0.2187761623949523	5.883653259383779e-8
0.22908676527677418	8.56304365686937e-8
0.2398832919019458	1.2675441973616892e-7
0.2511886431509546	1.9099939658668002e-7
0.26302679918953464	2.9324565172930316e-7
0.27542287033381296	4.591724839431753e-7
0.28840315031265673	7.340008880984939e-7
0.3019951720401976	1.199068406231483e-6
0.3162277660168337	2.0039519136167977e-6
