1.5848931924611142e-4	8.112728535069199e-8
2.23872113856834e-4	1.2050690923752908e-7
3.1622776601683794e-4	1.7054772461987425e-7
4.4668359215096305e-4	2.4384126276455467e-7
6.30957344480193e-4	3.4464807186228176e-7
8.912509381337459e-4	5.102139406755459e-7
0.0012589254117941675	6.864783251090281e-7
0.0017782794100389228	1.0004895574751644e-6
0.0025118864315095794	1.3695050995970256e-6
0.0035481338923357532	2.0316805683537085e-6
0.005011872336272725	2.63740307774768e-6
0.00707945784384138	3.965621955169991e-6
0.01	5.463388138102506e-6
0.01412537544622754	7.624841768390258e-6
0.0199526231496888	1.3511682452242062e-4
0.028183829312644536	0.0011917315051954644
0.039810717055349734	0.00771049060864629
0.05623413251903491	0.024785854728654504
0.07943282347242814	0.03821844260606534
0.11220184543019636	0.047798017000411815
0.15848931924611134	0.046416208252922864
0.22387211385683395	0.046016447115874624
0.31622776601683794	0.04545893113932547
