1.5848931924611142e-4	4.891645655743942e-15
1.6595869074375615e-4	5.122181813079566e-15
1.7378008287493782e-4	5.3635828047824446e-15
1.8197008586099862e-4	5.6163606747225934e-15
1.9054607179632522e-4	5.881051598650619e-15
1.995262314968887e-4	6.158217021508333e-15
2.0892961308540471e-4	6.448444848313908e-15
2.187761623949563e-4	6.752350691200702e-15
2.290867652767784e-4	7.070579175208283e-15
2.3988329190195045e-4	7.40380530561754e-15
2.5118864315095974e-4	7.752735899721511e-15
2.6302679918954004e-4	8.118111086097684e-15
2.7542287033381884e-4	8.500705874499772e-15
2.8840315031266293e-4	8.901331799772461e-15
3.019951720402044e-4	9.320838643214785e-15
3.162277660168412e-4	9.760116235085907e-15
3.311311214825945e-4	1.0220096342055217e-14
3.467368504525356e-4	1.0701754643596293e-14
3.6307805477010547e-4	1.1206112801547486e-14
3.801893963205659e-4	1.1734240627176916e-14
3.981071705535026e-4	1.2287258350417532e-14
4.1686938347034103e-4	1.2866338995997065e-14
4.3651583224017234e-4	1.3472710871610978e-14
4.570881896148817e-4	1.4107660173299066e-14
4.7863009232264586e-4	1.47725337136633e-14
5.011872336272807e-4	1.5468741778619268e-14
5.248074602497814e-4	1.619776111882042e-14
5.495408738576344e-4	1.6961138082024843e-14
5.754399373371673e-4	1.7760491893120494e-14
6.025595860743692e-4	1.8597518088716023e-14
6.309573444802052e-4	1.9473992113585742e-14
6.606934480076086e-4	2.0391773086655116e-14
6.91830970918949e-4	2.13528077444123e-14
7.244359600750032e-4	2.2359134570216983e-14
7.585775750291975e-4	2.3412888118185026e-14
7.94328234724296e-4	2.4516303540873476e-14
8.317637711026862e-4	2.5671721330328936e-14
8.709635899560957e-4	2.6881592282596657e-14
9.120108393559256e-4	2.8148482696170586e-14
9.549925860214525e-4	2.947507981547621e-14
0.0010000000000000174	3.086419753086406e-14
0.0010471285480509178	3.231878234725034e-14
0.0010964781961432031	3.384191963405023e-14
0.0011481536214969017	3.5436840169657424e-14
0.0012022644346174327	3.7106926994365246e-14
0.001258925411794188	3.88557225862403e-14
0.001318256738556429	4.068693637519786e-14
0.0013803842646029063	4.260445261120125e-14
0.00144543977074595	4.461233860326912e-14
0.001513561248436232	4.671485334679757e-14
0.0015848931924611384	4.8916456557441776e-14
0.0016595869074375869	5.12218181307905e-14
0.0017378008287494012	5.363582804782116e-14
0.0018197008586100104	5.616360674722266e-14
0.0019054607179632755	5.881051598652074e-14
0.0019952623149689093	6.158217021509039e-14
0.0020892961308540707	6.448444848314987e-14
0.0021877616239495833	6.752350691202394e-14
0.0022908676527678053	7.070579175209315e-14
0.002398832919019524	7.403805305615802e-14
0.0025118864315096154	7.752735899721087e-14
0.002630267991895419	8.118111086096932e-14
0.002754228703338203	8.500705874500617e-14
0.002884031503126644	8.901331799773635e-14
0.003019951720402056	9.320838643216051e-14
0.0031622776601684215	9.760116235087645e-14
0.003311311214825955	1.0220096342055498e-13
0.003467368504525359	1.0701754643596762e-13
0.0036307805477010582	1.1206112801546416e-13
0.003801893963205659	1.1734240627177928e-13
0.003981071705535022	1.228725835041714e-13
0.0041686938347034064	1.2866338995999845e-13
0.00436515832240171	1.3472710871617878e-13
0.004570881896148803	1.41076601733312e-13
0.004786300923226439	1.4772533713789775e-13
0.005011872336272781	1.5468741779094547e-13
0.005248074602497787	1.6197761120483306e-13
0.0054954087385763045	1.6961138087534594e-13
0.005754399373371631	1.7760491910431233e-13
0.006025595860743643	1.8597518140416728e-13
0.0063095734448020005	1.9473992260738757e-13
0.006606934480076032	2.0391773486597643e-13
0.006918309709189433	2.1352808784568456e-13
0.007244359600749973	2.2359137163965477e-13
0.007585775750291913	2.3412894331267897e-13
0.007943282347242895	2.45163178634089e-13
0.008317637711026794	2.567175315873104e-13
0.008709635899560886	2.688166058039829e-13
0.00912010839355918	2.814862443156699e-13
0.009549925860214447	2.9475364708393017e-13
0.010000000000000092	3.0864752973979533e-13
0.010471285480509086	3.2319834181384017e-13
0.010964781961431946	3.384385682960958e-13
0.011481536214968923	3.5440314427790954e-13
0.012022644346174229	3.711300181555043e-13
0.012589254117941777	3.886609037255184e-13
0.013182567385564175	4.070422647172624e-13
0.013803842646028958	4.2632657619145674e-13
0.014454397707459384	4.4657390533107284e-13
0.015135612484362196	4.67853849408142e-13
0.015848931924611256	4.902478616404231e-13
0.016595869074375724	5.13851987398184e-13
0.01737800828749388	5.387800255316823e-13
0.018197008586099957	5.651671246605673e-13
0.019054607179632598	5.931738244756209e-13
0.01995262314968893	6.229905596809154e-13
0.020892961308540525	6.548426609108e-13
0.021877616239495665	6.889959138549945e-13
0.022908676527677866	7.257627752225495e-13
0.023988329190195046	7.655093917615501e-13
0.02511886431509595	8.086636257322826e-13
0.026302679918953964	8.557243565990536e-13
0.027542287033381817	9.072724045621566e-13
0.028840315031266203	9.639835084095936e-13
0.030199517204020317	1.026643891177248e-12
0.03162277660168396	1.0961690673911818e-12
0.033113112148259266	1.17362669262609e-12
0.034673685045253325	1.2602644397574274e-12
0.036307805477010284	1.3575441197079964e-12
0.038018939632056284	1.4671835646264288e-12
0.039810717055349894	1.5912081802076945e-12
0.0416869383470337	1.732014579900215e-12
0.043651583224016764	1.8924493748362285e-12
0.04570881896148766	2.0759070599317586e-12
0.047863009232264	2.2864520767514707e-12
0.0501187233627274	2.5289716398729954e-12
0.05248074602497742	2.809367912157042e-12
0.05495408738576262	3.134800779840723e-12
0.05754399373371584	3.513996052278171e-12
0.06025595860743593	3.957638730220081e-12
0.0630957344480195	4.478877523130088e-12
0.06606934480075974	5.093975716976049e-12
0.0691830970918938	5.823155746610356e-12
0.07244359600749914	6.691701766537025e-12
0.07585775750291851	7.731408093000852e-12
0.07943282347242829	8.98249444230674e-12
0.08317637711026721	1.0496155558127019e-11
0.08709635899560819	1.2337979209982667e-11
0.09120108393559107	1.4592561727443174e-11
0.09549925860214369	1.7369787800756574e-11
0.10000000000000007	2.081344176789005e-11
0.10471285480509002	2.511311233975016e-11
0.10964781961431856	3.0520789891632676e-11
0.11481536214968832	3.737420996906368e-11
0.12022644346174131	4.6129986063600785e-11
0.12589254117941673	5.741108537994381e-11
0.13182567385564067	7.207553190002297e-11
0.13803842646028847	9.131685545901861e-11
0.14454397707459268	1.1681253684028992e-10
0.1513561248436207	1.5094584226396333e-10
0.1584893192461112	1.9714120412015104e-10
0.16595869074375594	2.6037744287703147e-10
0.1737800828749374	3.479831067462824e-10
0.18197008586099822	4.708853307888946e-10
0.19054607179632457	6.455979070818881e-10
0.19952623149688783	8.974317149949454e-10
0.2089296130854038	1.2657570276172132e-9
0.21877616239495512	1.8127644648704937e-9
0.22908676527677718	2.6382896081700177e-9
0.23988329190194893	3.905327145112385e-9
0.2511886431509579	5.8847267790950854e-9
0.2630267991895381	9.034952834531068e-9
0.2754228703338165	1.4147189262232495e-8
0.2884031503126605	2.2614703288408153e-8
0.30199517204020154	3.694351964570345e-8
0.31622776601683783	6.174212956075402e-8
