1.5848931924611142e-4	1.1047443924626431e-12
2.23872113856834e-4	1.5213469021974417e-12
3.1622776601683794e-4	2.3099597383479605e-12
4.4668359215096305e-4	3.0632959382073e-12
6.30957344480193e-4	4.2121195107644985e-12
8.912509381337459e-4	6.332464796970644e-12
0.0012589254117941675	8.300204583539847e-12
0.0017782794100389228	1.1656887197013606e-11
0.0025118864315095794	1.7691609225238234e-11
0.0035481338923357532	2.5124802893520846e-11
0.005011872336272725	3.4731740213263934e-11
0.00707945784384138	4.9877276782888126e-11
0.01	6.784952093461825e-11
0.01412537544622754	1.0013534970390337e-10
0.0199526231496888	1.4146806572802274e-10
0.028183829312644536	2.4792972557269375e-10
0.039810717055349734	7.465229764479214e-10
0.05623413251903491	2.5402724500880707e-9
0.07943282347242814	6.402577224467835e-9
0.11220184543019636	4.7374628556705025e-4
0.15848931924611134	0.03625797508151981
0.22387211385683395	0.04080798148334734
0.31622776601683794	0.039804823747492925
