1.5848931924611142e-4	7.043969744271277e-8
1.6595869074375615e-4	7.375941810834574e-8
1.7378008287493782e-4	7.72355923888672e-8
1.8197008586099862e-4	8.087559371600535e-8
1.9054607179632522e-4	8.468714302056891e-8
1.995262314968887e-4	8.867832510972e-8
2.0892961308540471e-4	9.285760581572026e-8
2.187761623949563e-4	9.72338499532901e-8
2.290867652767784e-4	1.0181634012299927e-7
2.3988329190195045e-4	1.0661479640089257e-7
2.5118864315095974e-4	1.1163939695598974e-7
2.6302679918954004e-4	1.1690079963980665e-7
2.7542287033381884e-4	1.224101645927967e-7
2.8840315031266293e-4	1.2817917791672344e-7
3.019951720402044e-4	1.3422007646229288e-7
3.162277660168412e-4	1.4054567378523702e-7
3.311311214825945e-4	1.471693873255951e-7
3.467368504525356e-4	1.5410526686778663e-7
3.6307805477010547e-4	1.613680243422838e-7
3.801893963205659e-4	1.689730650313476e-7
3.981071705535026e-4	1.7693652024601246e-7
4.1686938347034103e-4	1.8527528154235775e-7
4.3651583224017234e-4	1.9400703655119806e-7
4.570881896148817e-4	2.0315030649550656e-7
4.7863009232264586e-4	2.1272448547675155e-7
5.011872336272807e-4	2.2274988161211744e-7
5.248074602497814e-4	2.3324776011101405e-7
5.495408738576344e-4	2.442403883811578e-7
5.754399373371673e-4	2.557510832609351e-7
6.025595860743692e-4	2.678042604775107e-7
6.309573444802052e-4	2.8042548643563467e-7
6.606934480076086e-4	2.9364153244783365e-7
6.91830970918949e-4	3.074804315195371e-7
7.244359600750032e-4	3.2197153781112455e-7
7.585775750291975e-4	3.3714558890186436e-7
7.94328234724296e-4	3.5303477098857816e-7
8.317637711026862e-4	3.696727871567367e-7
8.709635899560957e-4	3.870949288693919e-7
9.120108393559256e-4	4.0533815082485637e-7
9.549925860214525e-4	4.2444114934285744e-7
0.0010000000000000174	4.4444444444444253e-7
0.0010471285480509178	4.653904658004049e-7
0.0010964781961432031	4.873236427303232e-7
0.0011481536214969017	5.102904984430669e-7
0.0012022644346174327	5.343397487188595e-7
0.001258925411794188	5.595224052418604e-7
0.001318256738556429	5.85891883802849e-7
0.0013803842646029063	6.13504117601298e-7
0.00144543977074595	6.424176758870753e-7
0.001513561248436232	6.726938881938851e-7
0.0015848931924611384	7.043969744271615e-7
0.0016595869074375869	7.375941810833832e-7
0.0017378008287494012	7.723559238886246e-7
0.0018197008586100104	8.087559371600062e-7
0.0019054607179632755	8.468714302058988e-7
0.0019952623149689093	8.867832510973016e-7
0.0020892961308540707	9.28576058157358e-7
0.0021877616239495833	9.723384995331446e-7
0.0022908676527678053	1.0181634012301413e-6
0.002398832919019524	1.0661479640086755e-6
0.0025118864315096154	1.1163939695598365e-6
0.002630267991895419	1.1690079963979583e-6
0.002754228703338203	1.2241016459280887e-6
0.002884031503126644	1.2817917791674034e-6
0.003019951720402056	1.3422007646231114e-6
0.0031622776601684215	1.4054567378526208e-6
0.003311311214825955	1.4716938732559917e-6
0.003467368504525359	1.5410526686779336e-6
0.0036307805477010582	1.613680243422684e-6
0.003801893963205659	1.6897306503136213e-6
0.003981071705535022	1.7693652024600688e-6
0.0041686938347034064	1.8527528154239774e-6
0.00436515832240171	1.9400703655129744e-6
0.004570881896148803	2.031503064959693e-6
0.004786300923226439	2.127244854785728e-6
0.005011872336272781	2.227498816189615e-6
0.005248074602497787	2.3324776013495956e-6
0.0054954087385763045	2.4424038846049816e-6
0.005754399373371631	2.557510835102098e-6
0.006025595860743643	2.6780426122200088e-6
0.0063095734448020005	2.804254885546381e-6
0.006606934480076032	2.9364153820700607e-6
0.006918309709189433	3.074804464977858e-6
0.007244359600749973	3.2197157516110287e-6
0.007585775750291913	3.371456783702577e-6
0.007943282347242895	3.5303497723308807e-6
0.008317637711026794	3.6967324548572697e-6
0.008709635899560886	3.870959123577353e-6
0.00912010839355918	4.053401918145647e-6
0.009549925860214447	4.244452518008595e-6
0.010000000000000092	4.444524428253053e-6
0.010471285480509086	4.6540561221192986e-6
0.010964781961431946	4.873515383463781e-6
0.011481536214968923	5.103405277601896e-6
0.012022644346174229	5.34427226143926e-6
0.012589254117941777	5.5967170136474634e-6
0.013182567385564175	5.8614086119285805e-6
0.013803842646028958	6.139102697156976e-6
0.014454397707459384	6.430664236767447e-6
0.015135612484362196	6.737095431477246e-6
0.015848931924611256	7.059569207622092e-6
0.016595869074375724	7.3994686185338505e-6
0.01737800828749388	7.758432367656226e-6
0.018197008586099957	8.138406595112169e-6
0.019054607179632598	8.541703072448942e-6
0.01995262314968893	8.971064059405185e-6
0.020892961308540525	9.429734317115522e-6
0.021877616239495665	9.92154115951192e-6
0.022908676527677866	1.0450983963204711e-5
0.023988329190195046	1.1023335241366322e-5
0.02511886431509595	1.1644756210544866e-5
0.026302679918953964	1.2322430735026372e-5
0.027542287033381817	1.3064722625695056e-5
0.028840315031266203	1.3881362521098147e-5
0.030199517204020317	1.4783672032952372e-5
0.03162277660168396	1.578483457043302e-5
0.033113112148259266	1.6900224373815698e-5
0.034673685045253325	1.8147807932506956e-5
0.036307805477010284	1.954863532379515e-5
0.038018939632056284	2.112744333062058e-5
0.039810717055349894	2.2913397794990797e-5
0.0416869383470337	2.4941009950563096e-5
0.043651583224016764	2.7251270997641696e-5
0.04570881896148766	2.9893061663017323e-5
0.047863009232264	3.292490990522118e-5
0.0501187233627274	3.641719161417113e-5
0.05248074602497742	4.045489793506141e-5
0.05495408738576262	4.514113122970641e-5
0.05754399373371584	5.0601543152805656e-5
0.06025595860743593	5.698999771516918e-5
0.0630957344480195	6.449583633307328e-5
0.06606934480075974	7.335325032445512e-5
0.0691830970918938	8.385344275118913e-5
0.07244359600749914	9.636050543813317e-5
0.07585775750291851	1.1133227653921228e-4
0.07943282347242829	1.2934791996921705e-4
0.08317637711026721	1.5114464003702907e-4
0.08709635899560819	1.776669006237504e-4
0.09120108393559107	2.1013288887518174e-4
0.09549925860214369	2.5012494433089463e-4
0.10000000000000007	2.997135614576168e-4
0.10471285480509002	3.616288176924024e-4
0.10964781961431856	4.3949937443951047e-4
0.11481536214968832	5.381886235545171e-4
0.12022644346174131	6.642717993158513e-4
0.12589254117941673	8.26719629471191e-4
0.13182567385564067	0.0010378876593603308
0.13803842646028847	0.001314962718609868
0.14454397707459268	0.0016821005305001748
0.1513561248436207	0.0021736201286010723
0.1584893192461112	0.0028388333393301744
0.16595869074375594	0.0037494351774292525
0.1737800828749374	0.005010956737146467
0.18197008586099822	0.0067807487633600805
0.19054607179632457	0.009296609861979188
0.19952623149688783	0.012923016695927214
0.2089296130854038	0.01822690119768787
0.21877616239495512	0.026103808294135115
0.22908676527677718	0.03799137035764826
0.23988329190194893	0.05623671088961835
0.2511886431509579	0.08474006561896921
0.2630267991895381	0.13010332081724738
0.2754228703338165	0.203719525376148
0.2884031503126605	0.3256517273530775
0.30199517204020154	0.5319866828981297
0.31622776601683783	0.889086665674858
