1.5848931924611142e-4	1.0997749972022614e-14
2.23872113856834e-4	1.4855643345585187e-14
3.1622776601683794e-4	2.2963962644736735e-14
4.4668359215096305e-4	3.049245561847522e-14
6.30957344480193e-4	4.511284625204226e-14
8.912509381337459e-4	6.165121405873522e-14
0.0012589254117941675	8.749431747930468e-14
0.0017782794100389228	1.2223063747766339e-13
0.0025118864315095794	1.7273422850119197e-13
0.0035481338923357532	2.463813753033381e-13
0.005011872336272725	3.433487735508637e-13
0.00707945784384138	4.901308920115239e-13
0.01	6.868852184691153e-13
0.01412537544622754	9.466183110530552e-13
0.0199526231496888	1.383743701806541e-12
0.028183829312644536	2.215505465633413e-12
0.039810717055349734	3.7943819290001745e-12
0.05623413251903491	9.120538939264935e-12
0.07943282347242814	2.51792051388442e-11
0.11220184543019636	0.0010302228943115668
0.15848931924611134	0.03633778265520529
0.22387211385683395	0.04010558751035524
0.31622776601683794	0.04023312991224606
