1.5848931924611142e-4	1.100620272542387e-14
1.6595869074375615e-4	1.1524909079429023e-14
1.7378008287493782e-4	1.2068061310760498e-14
1.8197008586099862e-4	1.2636811518125835e-14
1.9054607179632522e-4	1.3232366096963894e-14
1.995262314968887e-4	1.3855988298393748e-14
2.0892961308540471e-4	1.450900090870629e-14
2.187761623949563e-4	1.519278905520158e-14
2.290867652767784e-4	1.5908803144218635e-14
2.3988329190195045e-4	1.6658561937639465e-14
2.5118864315095974e-4	1.7443655774373397e-14
2.6302679918954004e-4	1.8265749943719784e-14
2.7542287033381884e-4	1.9126588217624486e-14
2.8840315031266293e-4	2.0027996549488036e-14
3.019951720402044e-4	2.0971886947233263e-14
3.162277660168412e-4	2.1960261528943293e-14
3.311311214825945e-4	2.2995216769624238e-14
3.467368504525356e-4	2.4078947948091662e-14
3.6307805477010547e-4	2.521375380348185e-14
3.801893963205659e-4	2.640204141114806e-14
3.981071705535026e-4	2.7646331288439447e-14
4.1686938347034103e-4	2.894926274099339e-14
4.3651583224017234e-4	3.031359946112469e-14
4.570881896148817e-4	3.1742235389922896e-14
4.7863009232264586e-4	3.323820085574242e-14
5.011872336272807e-4	3.480466900189335e-14
5.248074602497814e-4	3.644496251734595e-14
5.495408738576344e-4	3.81625606845559e-14
5.754399373371673e-4	3.9961106759521115e-14
6.025595860743692e-4	4.184441569961105e-14
6.309573444802052e-4	4.3816482255567916e-14
6.606934480076086e-4	4.5881489444974013e-14
6.91830970918949e-4	4.804381742492766e-14
7.244359600750032e-4	5.03080527829882e-14
7.585775750291975e-4	5.26789982659163e-14
7.94328234724296e-4	5.516168296696533e-14
8.317637711026862e-4	5.776137299324012e-14
8.709635899560957e-4	6.048358263584249e-14
9.120108393559256e-4	6.333408606638382e-14
9.549925860214525e-4	6.631892958482148e-14
0.0010000000000000174	6.944444444444415e-14
0.0010471285480509178	7.271726028131326e-14
0.0010964781961432031	7.614431917661301e-14
0.0011481536214969017	7.97328903817292e-14
0.0012022644346174327	8.349058573732182e-14
0.001258925411794188	8.742537581904067e-14
0.001318256738556429	9.154560684419516e-14
0.0013803842646029063	9.586001837520281e-14
0.00144543977074595	1.0037776185735553e-13
0.001513561248436232	1.0510842003029452e-13
0.0015848931924611384	1.1006202725424398e-13
0.0016595869074375869	1.1524909079427864e-13
0.0017378008287494012	1.206806131075976e-13
0.0018197008586100104	1.2636811518125097e-13
0.0019054607179632755	1.3232366096967167e-13
0.0019952623149689093	1.3855988298395338e-13
0.0020892961308540707	1.450900090870872e-13
0.0021877616239495833	1.5192789055205385e-13
0.0022908676527678053	1.590880314422096e-13
0.002398832919019524	1.6658561937635553e-13
0.0025118864315096154	1.7443655774372445e-13
0.002630267991895419	1.8265749943718096e-13
0.002754228703338203	1.9126588217626389e-13
0.002884031503126644	2.002799654949068e-13
0.003019951720402056	2.0971886947236116e-13
0.0031622776601684215	2.19602615289472e-13
0.003311311214825955	2.2995216769624873e-13
0.003467368504525359	2.4078947948092717e-13
0.0036307805477010582	2.521375380347944e-13
0.003801893963205659	2.6402041411150334e-13
0.003981071705535022	2.764633128843857e-13
0.0041686938347034064	2.8949262740999653e-13
0.00436515832240171	3.031359946114023e-13
0.004570881896148803	3.17422353899952e-13
0.004786300923226439	3.3238200856027005e-13
0.005011872336272781	3.480466900296273e-13
0.005248074602497787	3.6444962521087437e-13
0.0054954087385763045	3.816256069695284e-13
0.005754399373371631	3.9961106798470275e-13
0.006025595860743643	4.184441581593763e-13
0.0063095734448020005	4.38164825866622e-13
0.006606934480076032	4.58814903448447e-13
0.006918309709189433	4.804381976527903e-13
0.007244359600749973	5.030805861892234e-13
0.007585775750291913	5.267901224535276e-13
0.007943282347242895	5.516171519267001e-13
0.008317637711026794	5.776144460714484e-13
0.008709635899560886	6.048373630589614e-13
0.00912010839355918	6.333440497102573e-13
0.009549925860214447	6.631957059388428e-13
0.010000000000000092	6.944569419145393e-13
0.010471285480509086	7.271962690811405e-13
0.010964781961431946	7.614867786662156e-13
0.011481536214968923	7.974070746252964e-13
0.012022644346174229	8.350425408498844e-13
0.012589254117941777	8.744870333824162e-13
0.013182567385564175	9.158450956138407e-13
0.013803842646028958	9.592347964307775e-13
0.014454397707459384	1.0047912869949137e-12
0.015135612484362196	1.0526711611683197e-12
0.015848931924611256	1.1030576886909519e-12
0.016595869074375724	1.1561669716459143e-12
0.01737800828749388	1.2122550574462852e-12
0.018197008586099957	1.2716260304862767e-12
0.019054607179632598	1.3346411050701473e-12
0.01995262314968893	1.4017287592820598e-12
0.020892961308540525	1.4733959870493001e-12
0.021877616239495665	1.550240806173738e-12
0.022908676527677866	1.632966244250736e-12
0.023988329190195046	1.7223961314634875e-12
0.02511886431509595	1.819493157897636e-12
0.026302679918953964	1.9253798023478705e-12
0.027542287033381817	2.041362910264852e-12
0.028840315031266203	2.1689628939215854e-12
0.030199517204020317	2.3099487551488083e-12
0.03162277660168396	2.4663804016301586e-12
0.033113112148259266	2.640660058408703e-12
0.034673685045253325	2.835594989454211e-12
0.036307805477010284	3.0544742693429926e-12
0.038018939632056284	3.3011630204094652e-12
0.039810717055349894	3.580218405467312e-12
0.0416869383470337	3.897032804775483e-12
0.043651583224016764	4.258011093381515e-12
0.04570881896148766	4.670790884846458e-12
0.047863009232264	5.144517172690809e-12
0.0501187233627274	5.6901861897142395e-12
0.05248074602497742	6.321077802353345e-12
0.05495408738576262	7.053301754641626e-12
0.05754399373371584	7.906491117625883e-12
0.06025595860743593	8.904687142995185e-12
0.0630957344480195	1.00774744270427e-11
0.06606934480075974	1.1461445363196115e-11
0.0691830970918938	1.3102100429873303e-11
0.07244359600749914	1.5056328974708305e-11
0.07585775750291851	1.7395668209251918e-11
0.07943282347242829	2.021061249519016e-11
0.08317637711026721	2.361635000578579e-11
0.08709635899560819	2.7760453222461e-11
0.09120108393559107	3.283326388674715e-11
0.09549925860214369	3.908202255170229e-11
0.10000000000000007	4.683024397775261e-11
0.10471285480509002	5.650450276443787e-11
0.10964781961431856	6.867177725617351e-11
0.11481536214968832	8.409197243039328e-11
0.12022644346174131	1.0379246864310177e-10
0.12589254117941673	1.291749421048736e-10
0.13182567385564067	1.621699467750517e-10
0.13803842646028847	2.0546292478279184e-10
0.14454397707459268	2.6282820789065227e-10
0.1513561248436207	3.396281450939175e-10
0.1584893192461112	4.4356770927033983e-10
0.16595869074375594	5.858492464733206e-10
0.1737800828749374	7.829619901791355e-10
0.18197008586099822	1.0594919942750125e-9
0.19054607179632457	1.4525952909342478e-9
0.19952623149688783	2.0192213587386276e-9
0.2089296130854038	2.8479533121387296e-9
0.21877616239495512	4.078720045958611e-9
0.22908676527677718	5.93615161838254e-9
0.23988329190194893	8.786986076502866e-9
0.2511886431509579	1.324063525296394e-8
0.2630267991895381	2.0328643877694903e-8
0.2754228703338165	3.1831175840023116e-8
0.2884031503126605	5.088308239891835e-8
0.30199517204020154	8.312291920283277e-8
0.31622776601683783	1.3891979151169653e-7
