0.0031622776601683794	5.270462766947303e-10
0.003311311214825911	5.518852024709868e-10
0.0034673685045253167	5.778947507542177e-10
0.00363078054770101	6.05130091283499e-10
0.003801893963205609	6.336489938675954e-10
0.003981071705534969	6.635119509225157e-10
0.004168693834703351	6.947823057839814e-10
0.004365158322401657	7.275263870673578e-10
0.004570881896148743	7.618136493598746e-10
0.004786300923226376	7.97716820544638e-10
0.005011872336272715	8.35312056071098e-10
0.005248074602497718	8.746791005060858e-10
0.005495408738576237	9.159014567268606e-10
0.0057543993733715545	9.590665631632717e-10
0.006025595860743562	1.0042659795824932e-9
0.006309573444801917	1.0515955820798775e-9
0.006606934480075944	1.1011557682762575e-9
0.006918309709189349	1.1530516743666789e-9
0.007244359600749877	1.2073934068541234e-9
0.0075857757502918125	1.2642962938884514e-9
0.00794328234724279	1.3238811646240651e-9
0.008317637711026683	1.3862746705714583e-9
0.008709635899560779	1.4516096713414898e-9
0.009120108393559059	1.5200257193045993e-9
0.00954992586021432	1.5916696942532029e-9
0.009999999999999959	1.666696660594872e-9
0.010471285480508952	1.745271045794717e-9
0.0109647819614318	1.8275682687988916e-9
0.011481536214968776	1.9137769791006857e-9
0.01202264434617407	2.0041020980396977e-9
0.01258925411794161	2.0987688801177712e-9
0.013182567385564007	2.19802822947319e-9
0.013803842646028774	2.302163511433833e-9
0.014454397707459198	2.411499088787763e-9
0.015135612484361995	2.5264107868039335e-9
0.015848931924611044	2.6473384528582502e-9
0.016595869074375512	2.774800731950159e-9
0.017378008287493647	2.9094121378710445e-9
0.01819700858609972	3.05190247316702e-9
0.019054607179632345	3.203138652168307e-9
0.019952623149688667	3.364149022276893e-9
0.020892961308540257	3.5361503689182717e-9
0.021877616239495374	3.7205779348169147e-9
0.02290867652767757	3.919118986201709e-9
0.023988329190194727	4.133750715512313e-9
0.025118864315095617	4.366783578954254e-9
0.026302679918953627	4.620911525634813e-9
0.02754228703338145	4.8992709846355594e-9
0.028840315031265835	5.205510945411718e-9
0.030199517204019914	5.543877012357036e-9
0.031622776601683535	5.919312963912265e-9
0.03311311214825884	6.337584140180766e-9
0.03467368504525287	6.805427974689968e-9
0.036307805477009826	7.3307382464230276e-9
0.03801893963205578	7.922791248982531e-9
0.039810717055349366	8.592524173121343e-9
0.041686938347033166	9.35287873146093e-9
0.04365158322401619	1.021922662411537e-8
0.045708818961487076	1.1209898123631202e-8
0.04786300923226336	1.2346841214457592e-8
0.050118723362726735	1.365644685531378e-8
0.052480746024976745	1.517058672564758e-8
0.05495408738576189	1.692792421113936e-8
0.057543993733715104	1.8975578682301505e-8
0.06025595860743513	2.1371249143187697e-8
0.06309573444801865	2.4185938624901593e-8
0.0660693448007589	2.7507468871669668e-8
0.06918309709189288	3.1445041031694694e-8
0.07244359600749821	3.613518953929853e-8
0.07585775750291751	4.174960370220286e-8
0.07943282347242724	4.8505469988454234e-8
0.08317637711026615	5.66792400138834e-8
0.08709635899560703	6.662508773390321e-8
0.0912010839355899	7.879983332818951e-8
0.09549925860214242	9.379685412408075e-8
0.09999999999999877	1.1239258554660047e-7
0.10471285480508864	1.3561080663464353e-7
0.1096478196143171	1.6481226541480732e-7
0.11481536214968682	2.0182073383293186e-7
0.12022644346173975	2.491019247434296e-7
0.12589254117941506	3.1001986105167726e-7
0.13182567385563895	3.8920787226009797e-7
0.1380384264602866	4.93111019478665e-7
0.1445439770745908	6.307876989375199e-7
0.15135612484361874	8.151075482253431e-7
0.15848931924610915	1.0645625022487324e-6
0.16595869074375377	1.4060381915358516e-6
0.17378008287493515	1.8791087764297824e-6
0.18197008586099583	2.5427807862598083e-6
0.1905460717963221	3.4862286982418778e-6
0.19952623149688523	4.846131260972228e-6
0.2089296130854011	6.835087949132258e-6
0.2187761623949523	9.788928110299762e-6
0.22908676527677418	1.4246763884116418e-5
0.2398832919019458	2.1088766583605102e-5
0.2511886431509546	3.1777524607108884e-5
0.26302679918953464	4.8788745306462814e-5
0.27542287033381296	7.63948220160458e-5
0.28840315031265673	1.221193977573869e-4
0.3019951720401976	1.9949500608676296e-4
0.3162277660168337	3.3340749962799477e-4
