1.5848931924611142e-4	1.207940963135687e-13
2.23872113856834e-4	1.6746662662488717e-13
3.1622776601683794e-4	2.5007501212544105e-13
4.4668359215096305e-4	3.4195835221151553e-13
6.30957344480193e-4	4.681361631815921e-13
8.912509381337459e-4	7.041114693230381e-13
0.0012589254117941675	9.382814443589507e-13
0.0017782794100389228	1.324961852920217e-12
0.0025118864315095794	1.9616606430221482e-12
0.0035481338923357532	2.8136949500703293e-12
0.005011872336272725	3.8783328987184575e-12
0.00707945784384138	5.572812016411375e-12
0.01	7.657862486334052e-12
0.01412537544622754	1.122718751535856e-11
0.0199526231496888	1.581214500505523e-11
0.028183829312644536	2.811650160753133e-11
0.039810717055349734	8.026214357425708e-11
0.05623413251903491	2.722940414512285e-10
0.07943282347242814	7.028774961971438e-10
0.11220184543019636	7.309674997318721e-4
0.15848931924611134	0.033352623215937564
0.22387211385683395	0.04025704284691124
0.31622776601683794	0.04008260860782104
