0.001584893192461114	1.831622094086235e-12
0.001995262314968879	2.3522329094406834e-12
0.0025118864315095794	1.7238068290564657e-12
0.0031622776601683794	3.077379096060522e-12
0.003981071705534973	3.36858540563788e-12
0.005011872336272725	5.181425748614619e-12
0.00630957344480193	7.6147838617738e-12
0.007943282347242814	7.113943131481152e-12
0.01	1.002927948343225e-11
0.012589254117941675	1.3326938436097539e-11
0.015848931924611134	1.4109352098980202e-11
0.0199526231496888	2.1201945157825182e-11
0.025118864315095794	2.7558208053918656e-11
0.03162277660168379	5.6246541384526656e-11
0.039810717055349734	1.0226180620666327e-10
0.05011872336272722	2.0184806967201804e-10
0.06309573444801933	3.8992431708681086e-10
0.07943282347242814	7.660223490210771e-10
0.1	1.8252475746675492e-9
0.12589254117941673	0.014504025354339862
0.15848931924611134	0.040779716017999304
0.19952623149688797	0.03965145170681108
0.251188643150958	0.03887127656627275
0.31622776601683794	0.04269191826344709
0.3981071705534972	0.03754117572434509
0.5011872336272722	0.04662249487201056
