0.0031622776601683794	3.59268321681415e-8
0.003981071705534973	4.452412590156148e-8
0.005011872336272725	5.5453281168197556e-8
0.00630957344480193	6.916955490986612e-8
0.007943282347242814	9.0094793064564e-8
0.01	1.1060504924216357e-7
0.012589254117941675	1.397530066851318e-7
0.015848931924611134	1.6823893286117379e-7
0.0199526231496888	2.322980004236542e-7
0.025118864315095794	3.003096663185825e-7
0.03162277660168379	2.6387609270985612e-5
0.039810717055349734	8.690253608662422e-4
0.05011872336272722	0.006286588153996771
0.06309573444801933	0.018131624763026245
0.07943282347242814	0.029937271908370616
0.1	0.03613242561287801
0.12589254117941673	0.03938670996398516
0.15848931924611134	0.039533859297825
0.19952623149688797	0.04011213362238563
0.251188643150958	0.039756926018078564
0.31622776601683794	0.03985975588334779
