0.0031622776601683794	3.373096170846274e-8
0.003311311214825911	3.532065295814315e-8
0.0034673685045253167	3.6985264048269934e-8
0.00363078054770101	3.8728325842143935e-8
0.003801893963205609	4.0553535607526104e-8
0.003981071705534969	4.2464764859041003e-8
0.004168693834703351	4.446606757017481e-8
0.004365158322401657	4.65616887723109e-8
0.004570881896148743	4.8756073559031975e-8
0.004786300923226376	5.105387651485683e-8
0.005011872336272715	5.345997158855027e-8
0.005248074602497718	5.597946243238949e-8
0.005495408738576237	5.861769323051908e-8
0.0057543993733715545	6.138026004244939e-8
0.006025595860743562	6.427302269327956e-8
0.006309573444801917	6.730211725311216e-8
0.006606934480075944	7.047396916968048e-8
0.006918309709189349	7.379530715946745e-8
0.007244359600749877	7.72731780386639e-8
0.0075857757502918125	8.091496280886089e-8
0.00794328234724279	8.472839453594017e-8
0.008317637711026683	8.872157891657333e-8
0.008709635899560779	9.290301896585535e-8
0.009120108393559059	9.728164603549436e-8
0.00954992586021432	1.0186686043220498e-7
0.009999999999999959	1.066685862780718e-7
0.010471285480508952	1.1169734693086189e-7
0.0109647819614318	1.1696436920312907e-7
0.011481536214968776	1.2248172666244388e-7
0.01202264434617407	1.2826253427454066e-7
0.01258925411794161	1.3432120832753736e-7
0.013182567385564007	1.4067380668628416e-7
0.013803842646028774	1.4733846473176532e-7
0.014454397707459198	1.5433594168241684e-7
0.015135612484361995	1.6169029035545175e-7
0.015848931924611044	1.6942966098292801e-7
0.016595869074375512	1.7758724684481018e-7
0.017378008287493647	1.8620237682374685e-7
0.01819700858609972	1.9532175828268928e-7
0.019054607179632345	2.0500087373877164e-7
0.019952623149688667	2.1530553742572117e-7
0.020892961308540257	2.263136236107694e-7
0.021877616239495374	2.3811698782828254e-7
0.02290867652767757	2.508236151169094e-7
0.023988329190194727	2.6456004579278804e-7
0.025118864315095617	2.7947414905307224e-7
0.026302679918953627	2.9573833764062804e-7
0.02754228703338145	3.135533430166758e-7
0.028840315031265835	3.3315270050634993e-7
0.030199517204019914	3.548081287908503e-7
0.031622776601683535	3.7883602969038497e-7
0.03311311214825884	4.05605384971569e-7
0.03467368504525287	4.3554739038015793e-7
0.036307805477009826	4.6916724777107376e-7
0.03801893963205578	5.07058639934882e-7
0.039810717055349366	5.49921547079766e-7
0.041686938347033166	5.985842388134995e-7
0.04365158322401619	6.540305039433837e-7
0.045708818961487076	7.174334799123969e-7
0.04786300923226336	7.901978377252859e-7
0.050118723362726735	8.740125987400819e-7
0.052480746024976745	9.709175504414452e-7
0.05495408738576189	1.083387149512919e-6
0.057543993733715104	1.2144370356672963e-6
0.06025595860743513	1.3677599451640126e-6
0.06309573444801865	1.547900071993702e-6
0.0660693448007589	1.7604780077868587e-6
0.06918309709189288	2.0124826260284604e-6
0.07244359600749821	2.312652130515106e-6
0.07585775750291751	2.671974636940983e-6
0.07943282347242724	3.104350079261071e-6
0.08317637711026615	3.6274713608885374e-6
0.08709635899560703	4.264005614969806e-6
0.0912010839355899	5.043189333004129e-6
0.09549925860214242	6.002998663941168e-6
0.09999999999999877	7.19312547498243e-6
0.10471285480508864	8.679091624617186e-6
0.1096478196143171	1.0547984986547669e-5
0.11481536214968682	1.291652696530764e-5
0.12022644346173975	1.5942523183579495e-5
0.12589254117941506	1.9841271107307345e-5
0.13182567385563895	2.490930382464627e-5
0.1380384264602866	3.155910524663456e-5
0.1445439770745908	4.0370412732001274e-5
0.15135612484361874	5.2166883086421955e-5
0.15848931924610915	6.813200014391887e-5
0.16595869074375377	8.99864442582945e-5
0.17378008287493515	1.2026296169150607e-4
0.18197008586099583	1.6273797032062773e-4
0.1905460717963221	2.2311863668748018e-4
0.19952623149688523	3.101524007022226e-4
0.2089296130854011	4.374456287444645e-4
0.2187761623949523	6.264913990591847e-4
0.22908676527677418	9.117928885834508e-4
0.2398832919019458	0.0013496810613507265
0.2511886431509546	0.0020337615748549686
0.26302679918953464	0.00312247969961362
0.27542287033381296	0.004889268609026931
0.28840315031265673	0.007815641456472762
0.3019951720401976	0.01276768038955283
0.3162277660168337	0.021338079976191665
