0.0031622776601683794	1.5616601565543794e-13
0.003981071705534973	1.942557322729951e-13
0.005011872336272725	2.65522191323329e-13
0.00630957344480193	2.8300878062915266e-13
0.007943282347242814	3.803894795065376e-13
0.01	4.979999539037997e-13
0.012589254117941675	6.321085984540416e-13
0.015848931924611134	7.71474891293896e-13
0.0199526231496888	9.62783411888628e-13
0.025118864315095794	1.7655042368588998e-12
0.03162277660168379	2.4340869833317974e-12
0.039810717055349734	4.759034551899895e-12
0.05011872336272722	1.2090609962903491e-11
0.06309573444801933	2.574975184504896e-11
0.07943282347242814	4.958721270298989e-11
0.1	7.266829295191891e-11
0.12589254117941673	0.01928678670345787
0.15848931924611134	0.04164912997492788
0.19952623149688797	0.035132837950671084
0.251188643150958	0.03968890229842712
0.31622776601683794	0.04196685827060849
