0.0031622776601683794	4.1844461921785435e-12
0.003981071705534973	5.39504145965119e-12
0.005011872336272725	6.525478370573172e-12
0.00630957344480193	8.683320576865303e-12
0.007943282347242814	1.0526551454613974e-11
0.01	1.332606629232876e-11
0.012589254117941675	1.687641855998369e-11
0.015848931924611134	2.1060978872434018e-11
0.0199526231496888	2.8045619392660194e-11
0.025118864315095794	4.039300242055545e-11
0.03162277660168379	6.567372788234139e-11
0.039810717055349734	1.332295217934716e-10
0.05011872336272722	2.7844974481905694e-10
0.06309573444801933	5.899263327659787e-10
0.07943282347242814	1.0814403314186052e-9
0.1	1.0655299495073788e-4
0.12589254117941673	0.013278437878290117
0.15848931924611134	0.03632417778857271
0.19952623149688797	0.03940993949309702
0.251188643150958	0.040347529702164917
0.31622776601683794	0.04047600153465113
