0.0031622776601683794	1.2671285390106213e-13
0.003311311214825911	1.3268464672480525e-13
0.0034673685045253167	1.3893788147359102e-13
0.00363078054770101	1.45485822096709e-13
0.003801893963205609	1.523423576541176e-13
0.003981071705534969	1.5952203177701348e-13
0.004168693834703351	1.6704007351680999e-13
0.004365158322401657	1.7491242964804993e-13
0.004570881896148743	1.8315579849373392e-13
0.004786300923226376	1.91787665345067e-13
0.005011872336272715	2.008263395512783e-13
0.005248074602497718	2.1029099335984033e-13
0.005495408738576237	2.2020170259398598e-13
0.0057543993733715545	2.305794892653996e-13
0.006025595860743562	2.414463662407196e-13
0.006309573444801917	2.52825384121383e-13
0.006606934480075944	2.647406805773121e-13
0.006918309709189349	2.772175325299303e-13
0.007244359600749877	2.902824118657546e-13
0.0075857757502918125	3.0396304586348947e-13
0.00794328234724279	3.182884843574011e-13
0.008317637711026683	3.332891769968946e-13
0.008709635899560779	3.489970659874356e-13
0.009120108393559059	3.6544570261267613e-13
0.00954992586021432	3.826703998204544e-13
0.009999999999999959	4.0070843830981146e-13
0.010471285480508952	4.195993498529748e-13
0.0109647819614318	4.3938530880213787e-13
0.011481536214968776	4.601116704073775e-13
0.01202264434617407	4.818277020080415e-13
0.01258925411794161	5.045875594573154e-13
0.013182567385564007	5.28451565312863e-13
0.013803842646028774	5.53487846475452e-13
0.014454397707459198	5.797743864854126e-13
0.015135612484361995	6.074015415306227e-13
0.015848931924611044	6.364750600410518e-13
0.016595869074375512	6.671196350293396e-13
0.017378008287493647	6.994830083536697e-13
0.01819700858609972	7.337406396795241e-13
0.019054607179632345	7.701009531884735e-13
0.019952623149688667	8.088111849200644e-13
0.020892961308540257	8.501638753221992e-13
0.021877616239495374	8.945040865074477e-13
0.02290867652767757	9.42237472264874e-13
0.023988329190194727	9.93839390656604e-13
0.025118864315095617	1.049865323264734e-12
0.026302679918953627	1.1109629513171602e-12
0.02754228703338145	1.1778863374029897e-12
0.028840315031265835	1.2515127742537564e-12
0.030199517204019914	1.3328629932037948e-12
0.031622776601683535	1.423125581105879e-12
0.03311311214825884	1.5236866452726107e-12
0.03467368504525287	1.6361660044333508e-12
0.036307805477009826	1.7624614867433278e-12
0.03801893963205578	1.9048033055405034e-12
0.039810717055349366	2.06582098827861e-12
0.041686938347033166	2.2486259910349345e-12
0.04365158322401619	2.4569139892689097e-12
0.045708818961487076	2.695091960602543e-12
0.04786300923226336	2.9684366556171524e-12
0.050118723362726735	3.2832930080393756e-12
0.052480746024976745	3.647323630508809e-12
0.05495408738576189	4.069824002678134e-12
0.057543993733715104	4.562122598299386e-12
0.06025595860743513	5.138091454410264e-12
0.06309573444801865	5.814801172027431e-12
0.0660693448007589	6.61336591955995e-12
0.06918309709189288	7.560039917462286e-12
0.07244359600749821	8.68764887496283e-12
0.07585775750291751	1.00374704618369e-11
0.07943282347242724	1.1661720808644142e-11
0.08317637711026615	1.3626864616410735e-11
0.08709635899560703	1.6018052648271243e-11
0.0912010839355899	1.894511394817479e-11
0.09549925860214242	2.2550708730056982e-11
0.09999999999999877	2.702150817048246e-11
0.10471285480508864	3.260364997977907e-11
0.1096478196143171	3.962428620040447e-11
0.11481536214968682	4.852188942639986e-11
0.12022644346173975	5.988926815769907e-11
0.12589254117941506	7.453520325810423e-11
0.13182567385563895	9.357364321805509e-11
0.1380384264602866	1.1855411437503594e-10
0.1445439770745908	1.516544430202903e-10
0.15135612484361874	1.95968756898655e-10
0.15848931924610915	2.559429006157734e-10
0.16595869074375377	3.3804073725880735e-10
0.17378008287493515	4.517767155954398e-10
0.18197008586099583	6.113372288528464e-10
0.1905460717963221	8.381616705014283e-10
0.19952623149688523	1.1651104459136836e-9
0.2089296130854011	1.643296877327064e-9
0.2187761623949523	2.353461303753511e-9
0.22908676527677418	3.4252174627477477e-9
0.2398832919019458	5.070176789446756e-9
0.2511886431509546	7.639975863467201e-9
0.26302679918953464	1.1729826069172126e-8
0.27542287033381296	1.836689935772701e-8
0.28840315031265673	2.9360035523939764e-8
0.3019951720401976	4.79627362492593e-8
0.3162277660168337	8.015807654467192e-8
