0.0031622776601683794	2.7168457743414113e-10
0.003981071705534973	3.8214115075919375e-10
0.005011872336272725	3.884141866175178e-10
0.00630957344480193	5.006687114983108e-10
0.007943282347242814	6.821247273144589e-10
0.01	8.705193924064872e-10
0.012589254117941675	1.2546059404807197e-9
0.015848931924611134	1.2349236270395077e-9
0.0199526231496888	1.5670288345754134e-9
0.025118864315095794	2.4861778366266513e-9
0.03162277660168379	3.4440802596668872e-9
0.039810717055349734	6.368154674322567e-9
0.05011872336272722	1.1757926852325447e-8
0.06309573444801933	3.321388392601455e-4
0.07943282347242814	0.005512104459408626
0.1	0.020397012105637515
0.12589254117941673	0.027636368414332358
0.15848931924611134	0.028641441928778558
0.19952623149688797	0.027937004635687497
0.251188643150958	0.02828908122162262
0.31622776601683794	0.028365464542214218
