1.5848931924611142e-4	8.024021576918468e-9
2.23872113856834e-4	1.1940709873462045e-8
3.1622776601683794e-4	1.7523207980098747e-8
4.4668359215096305e-4	2.332920435208487e-8
6.30957344480193e-4	3.3159976631645895e-8
8.912509381337459e-4	4.724916452730021e-8
0.0012589254117941675	6.462520750093414e-8
0.0017782794100389228	9.404805496216151e-8
0.0025118864315095794	1.2861092684576894e-7
0.0035481338923357532	1.8288671418826656e-7
0.005011872336272725	2.678233165804681e-7
0.00707945784384138	3.6941958312631157e-7
0.01	5.352889819527644e-7
0.01412537544622754	7.158431702459125e-7
0.0199526231496888	1.144695794242707e-5
0.028183829312644536	4.890995519590967e-4
0.039810717055349734	0.004579963134055098
0.05623413251903491	0.0186993510941029
0.07943282347242814	0.030684905528012587
0.11220184543019636	0.03819851343540772
0.15848931924611134	0.038924970747402775
0.22387211385683395	0.04052832654654676
0.31622776601683794	0.039784699897105195
