1.5848931924611142e-4	4.810667885204189e-15
2.23872113856834e-4	6.977020237745857e-15
3.1622776601683794e-4	9.556839504298847e-15
4.4668359215096305e-4	1.3609363649860193e-14
6.30957344480193e-4	1.932601898174256e-14
8.912509381337459e-4	2.68306180808076e-14
0.0012589254117941675	3.943902390072969e-14
0.0017782794100389228	5.566830337109857e-14
0.0025118864315095794	7.66311994078609e-14
0.0035481338923357532	1.1004589808756257e-13
0.005011872336272725	1.5718831250546295e-13
0.00707945784384138	2.1617279814362586e-13
0.01	3.1625942567339846e-13
0.01412537544622754	4.5242171708611806e-13
0.0199526231496888	6.476893826596552e-13
0.028183829312644536	1.131190571104114e-12
0.039810717055349734	3.2242761608599006e-12
0.05623413251903491	1.1221762352871949e-11
0.07943282347242814	2.8512271886983518e-11
0.11220184543019636	0.0015699961630125563
0.15848931924611134	0.03695992517724617
0.22387211385683395	0.039902720553248075
0.31622776601683794	0.04060129878027118
