0.0031622776601683794	1.3518421006067647e-9
0.003981071705534973	1.9485261810725625e-9
0.005011872336272725	2.028151187931222e-9
0.00630957344480193	3.0415037299311833e-9
0.007943282347242814	3.689737026926897e-9
0.01	4.456522166411644e-9
0.012589254117941675	6.664559652934276e-9
0.015848931924611134	6.039534338472412e-9
0.0199526231496888	8.567057597555799e-9
0.025118864315095794	1.4082742802194793e-8
0.03162277660168379	1.308100993491e-8
0.039810717055349734	0.003850886982708785
0.05011872336272722	0.01130125008133302
0.06309573444801933	0.027285600275249563
0.07943282347242814	0.03308595092802288
0.1	0.04175146803494319
0.12589254117941673	0.036698622202074115
0.15848931924611134	0.04143904796186721
0.19952623149688797	0.03823049427560222
0.251188643150958	0.03798456219662909
0.31622776601683794	0.034357824755504376
