0.0031622776601683794	5.531092431290453e-10
0.003981071705534973	6.760243621897068e-10
0.005011872336272725	8.51287366982717e-10
0.00630957344480193	1.0159157154031864e-9
0.007943282347242814	1.1017385108034547e-9
0.01	1.7743038795239078e-9
0.012589254117941675	2.05344467100911e-9
0.015848931924611134	2.6894624371790896e-9
0.0199526231496888	3.262594591306129e-9
0.025118864315095794	4.653746705988217e-9
0.03162277660168379	6.739731500545029e-9
0.039810717055349734	1.0215276326411145e-8
0.05011872336272722	1.8872050648763036e-8
0.06309573444801933	3.562762268461391e-8
0.07943282347242814	0.004763139620655439
0.1	0.02583627313376343
0.12589254117941673	0.03687842495703338
0.15848931924611134	0.03674746102388195
0.19952623149688797	0.03901981873877637
0.251188643150958	0.03795305405854703
0.31622776601683794	0.04260019156784542
