0.0031622776601683794	3.598840477367607e-8
0.003981071705534973	4.465380274019009e-8
0.005011872336272725	5.5717815838342926e-8
0.00630957344480193	6.953401104369378e-8
0.007943282347242814	9.143169907453668e-8
0.01	1.1315018949237889e-7
0.012589254117941675	1.4212631861772234e-7
0.015848931924611134	1.7870647537846037e-7
0.0199526231496888	2.469463710322835e-7
0.025118864315095794	2.409328514971837e-5
0.03162277660168379	9.085798974310284e-5
0.039810717055349734	0.0011792730420334043
0.05011872336272722	0.0065619898365972575
0.06309573444801933	0.0185997973725252
0.07943282347242814	0.03084793862839351
0.1	0.036617907680423695
0.12589254117941673	0.039944336798800384
0.15848931924611134	0.039478765889197874
0.19952623149688797	0.04047936707753074
0.251188643150958	0.03935058738095821
0.31622776601683794	0.03988030628796501
