0.0031622776601683794	5.281854345761961e-10
0.003311311214825911	5.531932124868466e-10
0.0034673685045253167	5.793966501381289e-10
0.00363078054770101	6.068546321120317e-10
0.003801893963205609	6.356291948490917e-10
0.003981071705534969	6.657857313038115e-10
0.004168693834703351	6.973932136366834e-10
0.004365158322401657	7.305244360563656e-10
0.004570881896148743	7.652562802176314e-10
0.004786300923226376	8.016700059164412e-10
0.005011872336272715	8.398515702096792e-10
0.005248074602497718	8.798919785317987e-10
0.005495408738576237	9.218876718930085e-10
0.0057543993733715545	9.659409548346535e-10
0.006025595860743562	1.0121604694997257e-9
0.006309573444801917	1.0606617219647969e-9
0.006606934480075944	1.1115676678915827e-9
0.006918309709189349	1.1650093656121635e-9
0.007244359600749877	1.221126705985741e-9
0.0075857757502918125	1.2800692297850095e-9
0.00794328234724279	1.3419970450202604e-9
0.008317637711026683	1.407081858528897e-9
0.008709635899560779	1.4755081383940797e-9
0.009120108393559059	1.5474744263647e-9
0.00954992586021432	1.623194822496388e-9
0.009999999999999959	1.702900667799319e-9
0.010471285480508952	1.7868424548586041e-9
0.0109647819614318	1.8752920013012278e-9
0.011481536214968776	1.968544926757756e-9
0.01202264434617407	2.066923480773414e-9
0.01258925411794161	2.1707797771630332e-9
0.013182567385564007	2.280499499821934e-9
0.013803842646028774	2.396506156297557e-9
0.014454397707459198	2.519265968857894e-9
0.015135612484361995	2.649293508807335e-9
0.015848931924611044	2.7871581989453898e-9
0.016595869074375512	2.9334918320127063e-9
0.017378008287493647	3.0889972805555517e-9
0.01819700858609972	3.2544586068982606e-9
0.019054607179632345	3.4307528221303736e-9
0.019952623149688667	3.6188635917986924e-9
0.020892961308540257	3.819897245358438e-9
0.021877616239495374	4.035101518915421e-9
0.02290867652767757	4.26588754957848e-9
0.023988329190194727	4.5138557488866474e-9
0.025118864315095617	4.7808263174229615e-9
0.026302679918953627	5.068875329440063e-9
0.02754228703338145	5.380377523506664e-9
0.028840315031265835	5.718057193643584e-9
0.030199517204019914	6.085048899099204e-9
0.031622776601683535	6.484970117890577e-9
0.03311311214825884	6.9220084830275245e-9
0.03467368504525287	7.401026891685288e-9
0.036307805477009826	7.927690606851744e-9
0.03801893963205578	8.508621531369986e-9
0.039810717055349366	9.151586196341796e-9
0.041686938347033166	9.865725763434255e-9
0.04365158322401619	1.0661838619355824e-8
0.045708818961487076	1.1552729109572375e-8
0.04786300923226336	1.2553639845613504e-8
0.050118723362726735	1.3682790136540209e-8
0.052480746024976745	1.4962049864708038e-8
0.05495408738576189	1.641778713237422e-8
0.057543993733715104	1.8081940056017343e-8
0.06025595860743513	1.9993379302583327e-8
0.06309573444801865	2.2199649919123836e-8
0.0660693448007589	2.475921092163356e-8
0.06918309709189288	2.7744332126842327e-8
0.07244359600749821	3.1244864328776966e-8
0.07585775750291751	3.537317761197815e-8
0.07943282347242724	4.027067273960824e-8
0.08317637711026615	4.61164258688233e-8
0.08709635899560703	5.3138747520391446e-8
0.0912010839355899	6.163075274521178e-8
0.09549925860214242	7.197149567623743e-8
0.09999999999999877	8.465488592877104e-8
0.10471285480508864	1.00329579939767e-7
0.1096478196143171	1.198544862554538e-7
0.11481536214968682	1.4437668683402712e-7
0.12022644346173975	1.7544184384432745e-7
0.12589254117941506	2.1515214691481183e-7
0.13182567385563895	2.663945424140068e-7
0.1380384264602866	3.3317396645362013e-7
0.1445439770745908	4.211051857209944e-7
0.15135612484361874	5.381469602135572e-7
0.15848931924610915	6.957108391983654e-7
0.16595869074375377	9.103563278769963e-7
0.17378008287493515	1.2064156777351952e-6
0.18197008586099583	1.6201122894078004e-6
0.1905460717963221	2.2061124528769597e-6
0.19952623149688523	3.0480991563674975e-6
0.2089296130854011	4.276094913801726e-6
0.2187761623949523	6.09528861004934e-6
0.22908676527677418	8.834794918160404e-6
0.2398832919019458	1.3031544114381495e-5
0.2511886431509546	1.9577198578644006e-5
0.26302679918953464	2.9980260345744614e-5
0.27542287033381296	4.6842819974744716e-5
0.28840315031265673	7.474541122203199e-5
0.3019951720401976	1.2192432981016324e-4
0.3162277660168337	2.035219757981919e-4
