1.5848931924611142e-4	5.031669276067314e-15
2.23872113856834e-4	7.053209928837873e-15
3.1622776601683794e-4	9.610850903122704e-15
4.4668359215096305e-4	1.3480271877878858e-14
6.30957344480193e-4	2.0159374069252517e-14
8.912509381337459e-4	2.655645183921274e-14
0.0012589254117941675	3.873693301780627e-14
0.0017782794100389228	5.530469024106012e-14
0.0025118864315095794	7.719339242078134e-14
0.0035481338923357532	1.0776297821164937e-13
0.005011872336272725	1.608162923368661e-13
0.00707945784384138	2.2128226513901997e-13
0.01	3.1275525352401964e-13
0.01412537544622754	4.682018615474166e-13
0.0199526231496888	6.624666445225595e-13
0.028183829312644536	1.0471156292944511e-12
0.039810717055349734	1.699450718587112e-12
0.05623413251903491	3.1534201514192273e-12
0.07943282347242814	8.07519023082209e-12
0.11220184543019636	0.0011021673477881854
0.15848931924611134	0.03767757156644769
0.22387211385683395	0.040973012088826914
0.31622776601683794	0.03910593893259632
