0.0031622776601683794	1.2728487049966658e-9
0.003981071705534973	1.8951123744069525e-9
0.005011872336272725	2.1955359410324845e-9
0.00630957344480193	3.178389012408228e-9
0.007943282347242814	3.5003173809208825e-9
0.01	5.340365381572566e-9
0.012589254117941675	5.3736933232896445e-9
0.015848931924611134	9.286244569701228e-9
0.0199526231496888	1.1144540224906908e-8
0.025118864315095794	1.1921597828867293e-8
0.03162277660168379	3.117907419254221e-4
0.039810717055349734	0.0019329976243062695
0.05011872336272722	0.015193233447682667
0.06309573444801933	0.022769618376528678
0.07943282347242814	0.03664269835473113
0.1	0.03034462795169511
0.12589254117941673	0.03689047876423193
0.15848931924611134	0.039005440336245575
0.19952623149688797	0.03975093246178313
0.251188643150958	0.040106951186315874
0.31622776601683794	0.040206973366757603
