1.5848931924611142e-4	3.3769769223082865e-10
2.23872113856834e-4	4.923202553503747e-10
3.1622776601683794e-4	6.52604785876021e-10
4.4668359215096305e-4	1.0010930643580632e-9
6.30957344480193e-4	1.3041230434276391e-9
8.912509381337459e-4	1.970246378281334e-9
0.0012589254117941675	2.6771924191129017e-9
0.0017782794100389228	3.9402111129244004e-9
0.0025118864315095794	5.655305679581424e-9
0.0035481338923357532	7.51506132347131e-9
0.005011872336272725	1.0525728914547318e-8
0.00707945784384138	1.5204886464393923e-8
0.01	2.201799997720385e-8
0.01412537544622754	3.2157585683924874e-8
0.0199526231496888	2.2821216256477085e-4
0.028183829312644536	0.0024283092748825117
0.039810717055349734	0.012899208915778754
0.05623413251903491	0.02876575708865751
0.07943282347242814	0.037076307726967725
0.11220184543019636	0.03853512706016962
0.15848931924611134	0.03920471773171597
0.22387211385683395	0.039851832026681445
0.31622776601683794	0.03990126458996391
