1.5848931924611142e-4	1.0264926386548188e-14
2.23872113856834e-4	1.6120102644993665e-14
3.1622776601683794e-4	1.8117579863141752e-14
4.4668359215096305e-4	3.214243683761541e-14
6.30957344480193e-4	4.385084852882446e-14
8.912509381337459e-4	6.19708581448866e-14
0.0012589254117941675	7.598166210521011e-14
0.0017782794100389228	9.723542209396605e-14
0.0025118864315095794	2.1120674011354477e-13
0.0035481338923357532	3.017629614542221e-13
0.005011872336272725	3.540905613912197e-13
0.00707945784384138	4.002031433397093e-13
0.01	6.648846711952212e-13
0.01412537544622754	1.053967278932209e-12
0.0199526231496888	1.2876708953895219e-12
0.028183829312644536	2.459194707528688e-12
0.039810717055349734	4.444353050121092e-12
0.05623413251903491	6.7042265553109604e-12
0.07943282347242814	1.9920482305775037e-11
0.11220184543019636	4.061755850581554e-4
0.15848931924611134	0.039772414305798455
0.22387211385683395	0.03684136108988165
0.31622776601683794	0.03275293425393681
