0.0031622776601683794	1.2698673107767302e-13
0.003311311214825911	1.3299911945589102e-13
0.0034673685045253167	1.3929896922930223e-13
0.00363078054770101	1.4590043747246443e-13
0.003801893963205609	1.5281843903208817e-13
0.003981071705534969	1.6006869573044305e-13
0.004168693834703351	1.67667789905138e-13
0.004365158322401657	1.7563322279341625e-13
0.004570881896148743	1.839834783393254e-13
0.004786300923226376	1.9273809308284085e-13
0.005011872336272715	2.0191773288286805e-13
0.005248074602497718	2.1154427733296449e-13
0.005495408738576237	2.2164091285181275e-13
0.0057543993733715545	2.3223223557256884e-13
0.006025595860743562	2.433443653192428e-13
0.006309573444801917	2.5500507214780994e-13
0.006606934480075944	2.6724391714899063e-13
0.006918309709189349	2.800924094634804e-13
0.007244359600749877	2.935841817546485e-13
0.0075857757502918125	3.0775518672517137e-13
0.00794328234724279	3.226439176607689e-13
0.008317637711026683	3.382916564457152e-13
0.008709635899560779	3.5474275303238585e-13
0.009120108393559059	3.720449409742329e-13
0.00954992586021432	3.902496943642707e-13
0.009999999999999959	4.09412632378499e-13
0.010471285480508952	4.2959397862866526e-13
0.0109647819614318	4.50859083708785e-13
0.011481536214968776	4.732790207081007e-13
0.01202264434617407	4.969312650995435e-13
0.01258925411794161	5.219004723457331e-13
0.013182567385564007	5.482793688527567e-13
0.013803842646028774	5.761697746169933e-13
0.014454397707459198	6.056837791393885e-13
0.015135612484361995	6.369450960318162e-13
0.015848931924611044	6.700906263429938e-13
0.016595869074375512	7.0527226614881e-13
0.017378008287493647	7.426590005843551e-13
0.01819700858609972	7.824393344909418e-13
0.019054607179632345	8.248241195204503e-13
0.019952623149688667	8.70049849267905e-13
0.020892961308540257	9.183825082755074e-13
0.021877616239495374	9.701220781765098e-13
0.02290867652767757	1.0256078255936241e-12
0.023988329190194727	1.0852245226474285e-12
0.025118864315095617	1.1494097833022897e-12
0.026302679918953627	1.2186627388586176e-12
0.02754228703338145	1.293554325711595e-12
0.028840315031265835	1.3747395206355725e-12
0.030199517204019914	1.462971936672987e-12
0.031622776601683535	1.559121290552205e-12
0.03311311214825884	1.664194376084754e-12
0.03467368504525287	1.7793603345900016e-12
0.036307805477009826	1.905981212766761e-12
0.03801893963205578	2.045649053372198e-12
0.039810717055349366	2.2002310915322123e-12
0.041686938347033166	2.3719250520653362e-12
0.04365158322401619	2.563327091054744e-12
0.045708818961487076	2.777515638665034e-12
0.04786300923226336	3.0181553347831114e-12
0.050118723362726735	3.289626479108089e-12
0.052480746024976745	3.5971870448584326e-12
0.05495408738576189	3.947176470593352e-12
0.057543993733715104	4.347273341792299e-12
0.06025595860743513	4.806822972822439e-12
0.06309573444801865	5.337256178902801e-12
0.0660693448007589	5.952627719701534e-12
0.06918309709189288	6.670312757768252e-12
0.07244359600749821	7.511913287159003e-12
0.07585775750291751	8.504445406335844e-12
0.07943282347242724	9.681904790890034e-12
0.08317637711026615	1.1087345062376752e-11
0.08709635899560703	1.2775656804301475e-11
0.0912010839355899	1.481731095301861e-11
0.09549925860214242	1.7303439982265952e-11
0.09999999999999877	2.0352790005414528e-11
0.10471285480508864	2.4121311480635192e-11
0.1096478196143171	2.88155038330167e-11
0.11481536214968682	3.47111493515317e-11
0.12022644346173975	4.2179857272866106e-11
0.12589254117941506	5.1727037575311626e-11
0.13182567385563895	6.404677203041485e-11
0.1380384264602866	8.0101930326941e-11
0.1445439770745908	1.012424188059491e-10
0.15135612484361874	1.2938168840596418e-10
0.15848931924610915	1.6726331220396464e-10
0.16595869074375377	2.18868538633087e-10
0.17378008287493515	2.9004734551109123e-10
0.18197008586099583	3.8950858948947866e-10
0.1905460717963221	5.303951802559182e-10
0.19952623149688523	7.328262434542445e-10
0.2089296130854011	1.0280618876157416e-9
0.2187761623949523	1.465433775519e-9
0.22908676527677418	2.1240678991820654e-9
0.2398832919019458	3.1330534309557317e-9
0.2511886431509546	4.706764496743864e-9
0.26302679918953464	7.207876266444987e-9
0.27542287033381296	1.1261985268158009e-8
0.28840315031265673	1.7970346800188004e-8
0.3019951720401976	2.9313137144441957e-8
0.3162277660168337	4.893090327229256e-8
