1.5848931924611142e-4	3.13067020560986e-10
1.6595869074375615e-4	3.278215862834711e-10
1.7378008287493782e-4	3.432715386889289e-10
1.8197008586099862e-4	3.594496541086362e-10
1.9054607179632522e-4	3.7639025413281484e-10
1.995262314968887e-4	3.9412927851911433e-10
2.0892961308540471e-4	4.12704361549412e-10
2.187761623949563e-4	4.321549119992807e-10
2.290867652767784e-4	4.52522196892422e-10
2.3988329190195045e-4	4.738494292208997e-10
2.5118864315095974e-4	4.961818598207438e-10
2.6302679918954004e-4	5.195668736020066e-10
2.7542287033381884e-4	5.440540903420143e-10
2.8840315031266293e-4	5.69695470261127e-10
3.019951720402044e-4	5.965454246110868e-10
3.162277660168412e-4	6.246609315177274e-10
3.311311214825945e-4	6.541016573319506e-10
3.467368504525356e-4	6.849300837557898e-10
3.6307805477010547e-4	7.172116410240291e-10
3.801893963205659e-4	7.510148474362908e-10
3.981071705535026e-4	7.864114555498519e-10
4.1686938347034103e-4	8.234766053595827e-10
4.3651583224017234e-4	8.62288984808817e-10
4.570881896148817e-4	9.029309979931165e-10
4.7863009232264586e-4	9.454889414385563e-10
5.011872336272807e-4	9.900531888568826e-10
5.248074602497814e-4	1.0367183848020878e-9
5.495408738576344e-4	1.0855836476767276e-9
5.754399373371673e-4	1.1367527825616255e-9
6.025595860743692e-4	1.190334504369904e-9
6.309573444802052e-4	1.2464426718554525e-9
6.606934480076086e-4	1.3051965330374162e-9
6.91830970918949e-4	1.3667209826361802e-9
7.244359600750032e-4	1.4311468321528553e-9
7.585775750291975e-4	1.4986110932639248e-9
7.94328234724296e-4	1.5692572752454774e-9
8.317637711026862e-4	1.6432356971881423e-9
8.709635899560957e-4	1.7207038158144145e-9
9.120108393559256e-4	1.8018265697654161e-9
9.549925860214525e-4	1.8867767412844423e-9
0.0010000000000000174	1.9757353362908638e-9
0.0010471285480509178	2.0688919839104877e-9
0.0010964781961432031	2.166445356608372e-9
0.0011481536214969017	2.268603612157999e-9
0.0012022644346174327	2.3755848587780387e-9
0.001258925411794188	2.4876176448753644e-9
0.001318256738556429	2.604941474952454e-9
0.0013803842646029063	2.7278073533697877e-9
0.00144543977074595	2.8564783578016556e-9
0.001513561248436232	2.9912302443883508e-9
0.0015848931924611384	3.132352086772116e-9
0.0016595869074375869	3.280146951410181e-9
0.0017378008287494012	3.4349326117897154e-9
0.0018197008586100104	3.5970423044293207e-9
0.0019054607179632755	3.7668255298440955e-9
0.0019952623149689093	3.944648901981175e-9
0.0020892961308540707	4.130897050004515e-9
0.0021877616239495833	4.325973576728366e-9
0.0022908676527678053	4.530302078475031e-9
0.002398832919019524	4.744327231671798e-9
0.0025118864315096154	4.968515952114318e-9
0.002630267991895419	5.20335863351892e-9
0.002754228703338203	5.449370472777251e-9
0.002884031503126644	5.7070928902269025e-9
0.003019951720402056	5.977095054277648e-9
0.0031622776601684215	6.2599755209031485e-9
0.003311311214825955	6.556363999844196e-9
0.003467368504525359	6.8669232608964245e-9
0.0036307805477010582	7.192351195401954e-9
0.003801893963205659	7.53338305006341e-9
0.003981071705535022	7.890793852489722e-9
0.0041686938347034064	8.26540105050895e-9
0.00436515832240171	8.658067390297779e-9
0.004570881896148803	9.069704061838718e-9
0.004786300923226439	9.501274144194986e-9
0.005011872336272781	9.953796387670405e-9
0.005248074602497787	1.0428349375191836e-8
0.0054954087385763045	1.0926076111324684e-8
0.005754399373371631	1.144818909433679e-8
0.006025595860743643	1.1995975934811725e-8
0.0063095734448020005	1.2570805593657023e-8
0.006606934480076032	1.3174135323159682e-8
0.006918309709189433	1.3807518407255448e-8
0.007244359600749973	1.447261281168305e-8
0.007585775750291913	1.5171190871526243e-8
0.007943282347242895	1.590515016320331e-8
0.008317637711026794	1.667652573071309e-8
0.008709635899560886	1.748750386244858e-8
0.00912010839355918	1.8340437645804105e-8
0.009549925860214447	1.923786456292042e-8
0.010000000000000092	2.01825264331774e-8
0.010471285480509086	2.117739205758374e-8
0.010964781961431946	2.2225682978385233e-8
0.011481536214968923	2.3330902835647796e-8
0.012022644346174229	2.4496870883240802e-8
0.012589254117941777	2.5727760321932616e-8
0.013182567385564175	2.702814222011219e-8
0.013803842646028958	2.8403035926489976e-8
0.014454397707459384	2.9857967038316205e-8
0.015135612484362196	3.139903417845777e-8
0.015848931924611256	3.303298606157546e-8
0.016595869074375724	3.476731060163256e-8
0.01737800828749388	3.66103381399182e-8
0.018197008586099957	3.857136126694291e-8
0.019054607179632598	4.066077418821247e-8
0.01995262314968893	4.2890235162059235e-8
0.020892961308540525	4.527285624128586e-8
0.021877616239495665	4.782342540936871e-8
0.022908676527677866	5.055866725426426e-8
0.023988329190195046	5.349754961643522e-8
0.02511886431509595	5.6661645243532366e-8
0.026302679918953964	6.007555946003137e-8
0.027542287033381817	6.376743731563567e-8
0.028840315031266203	6.776956673948065e-8
0.030199517204020317	7.211909806339931e-8
0.03162277660168396	7.685890510092678e-8
0.033113112148259266	8.20386190581055e-8
0.034673685045253325	8.771587427182736e-8
0.036307805477010284	9.395781459972622e-8
0.038018939632056284	1.0084292185327603e-7
0.039810717055349894	1.0846324380849766e-7
0.0416869383470337	1.1692712015922332e-7
0.043651583224016764	1.263625317849608e-7
0.04570881896148766	1.3692123389123127e-7
0.047863009232264	1.4878387965171925e-7
0.0501187233627274	1.6216640161825837e-7
0.05248074602497742	1.7732799839654417e-7
0.05495408738576262	1.9458118082814425e-7
0.05754399373371584	2.1430447473798914e-7
0.06025595860743593	2.369585695121058e-7
0.0630957344480195	2.6310696200443885e-7
0.06606934480075974	2.9344249981196247e-7
0.0691830970918938	3.2882171409591994e-7
0.07244359600749914	3.703095031558879e-7
0.07585775750291851	4.1923766058642306e-7
0.07943282347242829	4.772820472842644e-7
0.08317637711026721	5.465650473342231e-7
0.08709635899560819	6.29792563204666e-7
0.09120108393559107	7.304385510543921e-7
0.09549925860214369	8.52995504311001e-7
0.10000000000000007	1.003317166563259e-6
0.10471285480509002	1.1890913178047039e-6
0.10964781961431856	1.4204976148795268e-6
0.11481536214968832	1.7111311032181917e-6
0.12022644346174131	2.0793107418588135e-6
0.12589254117941673	2.5499513708423668e-6
0.13182567385564067	3.157268650832871e-6
0.13803842646028847	3.948728491302428e-6
0.14454397707459268	4.990876275212128e-6
0.1513561248436207	6.378038046975945e-6
0.1584893192461112	8.245461797907167e-6
0.16595869074375594	1.0789408330394865e-5
0.1737800828749374	1.4298259884270131e-5
0.18197008586099822	1.920133083742742e-5
0.19054607179632457	2.6146517960025507e-5
0.19952623149688783	3.612561963102556e-5
0.2089296130854038	5.067964342284016e-5
0.21877616239495512	7.224045760059202e-5
0.22908676527677718	1.0470868051154225e-4
0.23988329190194893	1.5444793024453903e-4
0.2511886431509579	2.3202605722840062e-4
0.2630267991895381	3.553216040977574e-4
0.2754228703338165	5.55174162663711e-4
0.2884031503126605	8.85871540409389e-4
0.30199517204020154	0.0014450290940465843
0.31622776601683783	0.0024121123057567074
