1.5848931924611142e-4	1.100626244159716e-14
1.6595869074375615e-4	1.152497764277828e-14
1.7378008287493782e-4	1.2068140032032658e-14
1.8197008586099862e-4	1.2636901902256738e-14
1.9054607179632522e-4	1.323246987185677e-14
1.995262314968887e-4	1.385610744793761e-14
2.0892961308540471e-4	1.4509137710721516e-14
2.187761623949563e-4	1.519294612497471e-14
2.290867652767784e-4	1.5908983484499207e-14
2.3988329190195045e-4	1.665876899604725e-14
2.5118864315095974e-4	1.7443893509323022e-14
2.6302679918954004e-4	1.826602290007054e-14
2.7542287033381884e-4	1.912690161358644e-14
2.8840315031266293e-4	2.0028356376367737e-14
3.019951720402044e-4	2.097230008398352e-14
3.162277660168412e-4	2.1960735873670103e-14
3.311311214825945e-4	2.299576139057639e-14
3.467368504525356e-4	2.4079573257039485e-14
3.6307805477010547e-4	2.5214471754751018e-14
3.801893963205659e-4	2.6402865730182097e-14
3.981071705535026e-4	2.764727773417448e-14
4.1686938347034103e-4	2.895034940717283e-14
4.3651583224017234e-4	3.031484712218497e-14
4.570881896148817e-4	3.17436678981955e-14
4.7863009232264586e-4	3.3239845597449236e-14
5.011872336272807e-4	3.4806557420749775e-14
5.248074602497814e-4	3.64471307156984e-14
5.495408738576344e-4	3.816505011363494e-14
5.754399373371673e-4	3.996396501193214e-14
6.025595860743692e-4	4.184769741925443e-14
6.309573444802052e-4	4.382025018241825e-14
6.606934480076086e-4	4.5885815614596656e-14
6.91830970918949e-4	4.8048784545803204e-14
7.244359600750032e-4	5.031375581787381e-14
7.585775750291975e-4	5.268554624755984e-14
7.94328234724296e-4	5.5169201082848796e-14
8.317637711026862e-4	5.777000497927062e-14
8.709635899560957e-4	6.049349352472551e-14
9.120108393559256e-4	6.33454653433154e-14
9.549925860214525e-4	6.633199481078114e-14
0.0010000000000000174	6.945944541647568e-14
0.0010471285480509178	7.273448380935307e-14
0.0010964781961432031	7.616409456826304e-14
0.0011481536214969017	7.975559573992964e-14
0.0012022644346174327	8.35166551914154e-14
0.001258925411794188	8.745530782764952e-14
0.001318256738556429	9.157997372879717e-14
0.0013803842646029063	9.589947726690658e-14
0.00144543977074595	1.004230672664644e-13
0.001513561248436232	1.0516043827927794e-13
0.0015848931924611384	1.101217530505822e-13
0.0016595869074375869	1.1531766626051414e-13
0.0017378008287494012	1.2075934963323217e-13
0.0018197008586100104	1.2645851851509328e-13
0.0019054607179632755	1.3242746003358144e-13
0.0019952623149689093	1.3867906296027566e-13
0.0020892961308540707	1.452268494142212e-13
0.0021877616239495833	1.520850085568566e-13
0.0022908676527678053	1.5926843244638775e-13
0.002398832919019524	1.6679275423846158e-13
0.0025118864315096154	1.74674388941519e-13
0.002630267991895419	1.829305769596495e-13
0.002754228703338203	1.9157943068357518e-13
0.002884031503126644	2.006399844220395e-13
0.003019951720402056	2.1013224800194848e-13
0.0031622776601684215	2.2007726440675132e-13
0.003311311214825955	2.3049717186952246e-13
0.003467368504525359	2.4141527089088993e-13
0.0036307805477010582	2.5285609671334987e-13
0.003801893963205659	2.6484549785379176e-13
0.003981071705535022	2.774107213765917e-13
0.0041686938347034064	2.9058050568195527e-13
0.00436515832240171	3.0438518169015624e-13
0.004570881896148803	3.1885678342401733e-13
0.004786300923226439	3.3402916913185494e-13
0.005011872336272781	3.4993815425403753e-13
0.005248074602497787	3.666216577215879e-13
0.0054954087385763045	3.8411986328875837e-13
0.005754399373371631	4.024753978477778e-13
0.006025595860743643	4.217335289582247e-13
0.0063095734448020005	4.4194238415200474e-13
0.006606934480076032	4.631531949548326e-13
0.006918309709189433	4.854205690050742e-13
0.007244359600749973	5.088027941607321e-13
0.007585775750291913	5.333621790770944e-13
0.007943282347242895	5.591654354251163e-13
0.008317637711026794	5.862841077203818e-13
0.008709635899560886	6.147950576642077e-13
0.00912010839355918	6.447810109853005e-13
0.009549925860214447	6.76331176040171e-13
0.010000000000000092	7.095419449163929e-13
0.010471285480509086	7.445176895244282e-13
0.010964781961431946	7.813716672088559e-13
0.011481536214968923	8.202270528157427e-13
0.012022644346174229	8.612181169889345e-13
0.012589254117941777	9.044915738179433e-13
0.013182567385564175	9.50208124925819e-13
0.013803842646028958	9.985442317906628e-13
0.014454397707459384	1.049694153690804e-12
0.015135612484362196	1.103872295336406e-12
0.015848931924611256	1.1613159162272621e-12
0.016595869074375724	1.2222882633386445e-12
0.01737800828749388	1.2870822002314988e-12
0.018197008586099957	1.3560244195409616e-12
0.019054607179632598	1.4294803425543442e-12
0.01995262314968893	1.5078598299161451e-12
0.020892961308540525	1.5916238522327063e-12
0.021877616239495665	1.6812922995481184e-12
0.022908676527677866	1.7774531456577276e-12
0.023988329190195046	1.8807732287028006e-12
0.02511886431509595	1.9920109655929336e-12
0.026302679918953964	2.1120313872667276e-12
0.027542287033381817	2.2418239681278163e-12
0.028840315031266203	2.3825238306848662e-12
0.030199517204020317	2.5354370412913826e-12
0.03162277660168396	2.7020708824544565e-12
0.033113112148259266	2.884170201261521e-12
0.034673685045253325	3.0837612048689297e-12
0.036307805477010284	3.3032044195216236e-12
0.038018939632056284	3.5452589714042354e-12
0.039810717055349894	3.813160915142495e-12
0.0416869383470337	4.110719068097695e-12
0.043651583224016764	4.442432758065026e-12
0.04570881896148766	4.813637128988599e-12
0.047863009232264	5.2306832690057545e-12
0.0501187233627274	5.7011625568918946e-12
0.05248074602497742	6.234187443628505e-12
0.05495408738576262	6.840744638489446e-12
0.05754399373371584	7.53414169000743e-12
0.06025595860743593	8.330574709409967e-12
0.0630957344480195	9.249854132968553e-12
0.06606934480075974	1.0316337884014305e-11
0.0691830970918938	1.1560138386184685e-11
0.07244359600749914	1.3018693470324186e-11
0.07585775750291851	1.4738824004991436e-11
0.07943282347242829	1.6779446974837418e-11
0.08317637711026721	1.9215177445343777e-11
0.08709635899560819	2.2141144800164036e-11
0.09120108393559107	2.5679480310505975e-11
0.09549925860214369	2.9988123198433624e-11
0.10000000000000007	3.527286913698957e-11
0.10471285480509002	4.1803991641571627e-11
0.10964781961431856	4.9939369273108363e-11
0.11481536214968832	6.015695284751455e-11
0.12022644346174131	7.31007682684739e-11
0.12589254117941673	8.964672788117693e-11
0.13182567385564067	1.1099772600584306e-10
0.13803842646028847	1.3882248602235096e-10
0.14454397707459268	1.7546049405042637e-10
0.1513561248436207	2.2422790008899806e-10
0.1584893192461112	2.8987951633267383e-10
0.16595869074375594	3.793151366154444e-10
0.1737800828749374	5.026731990563719e-10
0.18197008586099822	6.750467872533077e-10
0.19054607179632457	9.192135220321463e-10
0.19952623149688783	1.2700413151532423e-9
0.2089296130854038	1.781706214084224e-9
0.21877616239495512	2.539703587520813e-9
0.22908676527677718	3.6811645492339066e-9
0.23988329190194893	5.429810047659573e-9
0.2511886431509579	8.157166074435957e-9
0.2630267991895381	1.2491775144061782e-8
0.2754228703338165	1.9517841656146087e-8
0.2884031503126605	3.114392134251759e-8
0.30199517204020154	5.0801804087575224e-8
0.31622776601683783	8.480082324925924e-8
