0.0031622776601683794	2.577065500261567e-10
0.003981071705534973	3.4621847007208034e-10
0.005011872336272725	4.520496874679724e-10
0.00630957344480193	5.99387745395069e-10
0.007943282347242814	7.169407424790326e-10
0.01	9.671914494095536e-10
0.012589254117941675	1.110838691482774e-9
0.015848931924611134	1.4060728293534693e-9
0.0199526231496888	2.034171321310654e-9
0.025118864315095794	2.523694260854041e-9
0.03162277660168379	3.4648979957592386e-9
0.039810717055349734	4.934470145856699e-9
0.05011872336272722	7.165325642712027e-9
0.06309573444801933	9.91687777051708e-6
0.07943282347242814	0.004781573063021915
0.1	0.019984618266126065
0.12589254117941673	0.026968640417271105
0.15848931924611134	0.028077919855407415
0.19952623149688797	0.026940093346112387
0.251188643150958	0.0293530447025697
0.31622776601683794	0.028268988139514777
