1.5848931924611142e-4	8.2519788390095e-9
2.23872113856834e-4	1.1613406212046053e-8
3.1622776601683794e-4	1.6767217990748253e-8
4.4668359215096305e-4	2.3318649832816908e-8
6.30957344480193e-4	3.3408270114874314e-8
8.912509381337459e-4	4.76749384434029e-8
0.0012589254117941675	6.466811951416871e-8
0.0017782794100389228	9.113452819905989e-8
0.0025118864315095794	1.3167506020607795e-7
0.0035481338923357532	1.975588261162985e-7
0.005011872336272725	2.637442340822832e-7
0.00707945784384138	3.6777529380631385e-7
0.01	5.340818263308561e-7
0.01412537544622754	7.170054829069535e-7
0.0199526231496888	1.0352416560119323e-5
0.028183829312644536	3.956085793827278e-4
0.039810717055349734	0.005341072285118134
0.05623413251903491	0.017702626124725885
0.07943282347242814	0.03040425470403176
0.11220184543019636	0.036946927960759365
0.15848931924611134	0.03834954464695223
0.22387211385683395	0.04018295484932391
0.31622776601683794	0.039960389971494106
