1.5848931924611142e-4	4.891672196265405e-15
1.6595869074375615e-4	5.122212285679236e-15
1.7378008287493782e-4	5.363617792014515e-15
1.8197008586099862e-4	5.6164008454474405e-15
1.9054607179632522e-4	5.8810977208252326e-15
1.995262314968887e-4	6.158269976861161e-15
2.0892961308540471e-4	6.448505649209563e-15
2.187761623949563e-4	6.752420499988762e-15
2.290867652767784e-4	7.070659326444095e-15
2.3988329190195045e-4	7.403897331576557e-15
2.5118864315095974e-4	7.752841559699122e-15
2.6302679918954004e-4	8.118232400031353e-15
2.7542287033381884e-4	8.500845161593973e-15
2.8840315031266293e-4	8.90149172283011e-15
3.019951720402044e-4	9.321022259548231e-15
3.162277660168412e-4	9.760327054964491e-15
3.311311214825945e-4	1.0220338395811728e-14
3.467368504525356e-4	1.0702032558684214e-14
3.6307805477010547e-4	1.1206431891000455e-14
3.801893963205659e-4	1.1734606991192046e-14
3.981071705535026e-4	1.2287678992966438e-14
4.1686938347034103e-4	1.286682195874348e-14
4.3651583224017234e-4	1.3473265387637766e-14
4.570881896148817e-4	1.4108296843642447e-14
4.7863009232264586e-4	1.477326470997744e-14
5.011872336272807e-4	1.5469581075888794e-14
5.248074602497814e-4	1.619872476253262e-14
5.495408738576344e-4	1.6962244494948868e-14
5.754399373371673e-4	1.7761762227525395e-14
6.025595860743692e-4	1.859897663077975e-14
6.309573444802052e-4	1.9475666747741446e-14
6.606934480076086e-4	2.039369582870963e-14
6.91830970918949e-4	2.1355015353690313e-14
7.244359600750032e-4	2.236166925238836e-14
7.585775750291975e-4	2.3415798332248825e-14
7.94328234724296e-4	2.4519644925710583e-14
8.317637711026862e-4	2.5675557768564725e-14
8.709635899560957e-4	2.6885997122100226e-14
9.120108393559256e-4	2.815354015258463e-14
9.549925860214525e-4	2.948088658256941e-14
0.0010000000000000174	3.087086462954475e-14
0.0010471285480509178	3.232643724860138e-14
0.0010964781961432031	3.385070869700581e-14
0.0011481536214969017	3.544693143996874e-14
0.0012022644346174327	3.711851341840685e-14
0.001258925411794188	3.886902570117757e-14
0.001318256738556429	4.070221054613208e-14
0.0013803842646029063	4.262198989640294e-14
0.00144543977074595	4.4632474340650874e-14
0.001513561248436232	4.673797256856798e-14
0.0015848931924611384	4.894300135581431e-14
0.0016595869074375869	5.1252296115784074e-14
0.0017378008287494012	5.3670822059214295e-14
0.0018197008586100104	5.6203786006708135e-14
0.0019054607179632755	5.885664890381398e-14
0.0019952623149689093	6.163513909345586e-14
0.0020892961308540707	6.454526640632054e-14
0.0021877616239495833	6.759333713638073e-14
0.0022908676527678053	7.078596997617235e-14
0.002398832919019524	7.413011299487184e-14
0.0025118864315096154	7.763306175178623e-14
0.002630267991895419	8.130247864873313e-14
0.002754228703338203	8.514641363714454e-14
0.002884031503126644	8.917332640979534e-14
0.003019951720402056	9.339211022308825e-14
0.0031622776601684215	9.781211751411171e-14
0.003311311214825955	1.0244318749756556e-13
0.003467368504525359	1.0729567595150665e-13
0.0036307805477010582	1.1238048742815553e-13
0.003801893963205659	1.1770911015724079e-13
0.003981071705535022	1.2329365394515189e-13
0.0041686938347034064	1.2914689141420238e-13
0.00436515832240171	1.352823029734028e-13
0.004570881896148803	1.4171412596622997e-13
0.004786300923226439	1.4845740850304665e-13
0.005011872336272781	1.5552806855735009e-13
0.005248074602497787	1.6294295898737243e-13
0.0054954087385763045	1.707199392394482e-13
0.005754399373371631	1.7887795459901235e-13
0.006025595860743643	1.8743712398143321e-13
0.0063095734448020005	1.96418837400891e-13
0.006606934480076032	2.0584586442437005e-13
0.006918309709189433	2.157424751133664e-13
0.007244359600749973	2.2613457518254765e-13
0.007585775750291913	2.3704985736759755e-13
0.007943282347242895	2.4851797130005174e-13
0.008317637711026794	2.60570714542392e-13
0.008709635899560886	2.732422478507591e-13
0.00912010839355918	2.8656933821568913e-13
0.009549925860214447	3.0059163379563164e-13
0.010000000000000092	3.153519755183969e-13
0.010471285480509086	3.3089675089974595e-13
0.010964781961431946	3.4727629653726923e-13
0.011481536214968923	3.645453568069969e-13
0.012022644346174229	3.8276360755063755e-13
0.012589254117941777	4.019962550301971e-13
0.013182567385564175	4.22314722189253e-13
0.013803842646028958	4.437974363514058e-13
0.014454397707459384	4.665307349736906e-13
0.015135612484362196	4.906099090384026e-13
0.015848931924611256	5.161404072121167e-13
0.016595869074375724	5.432392281505087e-13
0.01737800828749388	5.720365334362219e-13
0.018197008586099957	6.02677519795983e-13
0.019054607179632598	6.353245966908198e-13
0.01995262314968893	6.701599244071757e-13
0.020892961308540525	7.073883787700917e-13
0.021877616239495665	7.472410220213862e-13
0.022908676527677866	7.899791758478791e-13
0.023988329190195046	8.358992127568004e-13
0.02511886431509595	8.85338206930193e-13
0.026302679918953964	9.386806165629901e-13
0.027542287033381817	9.963662080568074e-13
0.028840315031266203	1.0588994803043853e-12
0.030199517204020317	1.1268609072406144e-12
0.03162277660168396	1.2009203922019813e-12
0.033113112148259266	1.2818534227828985e-12
0.034673685045253325	1.3705605354973027e-12
0.036307805477010284	1.4680908531207224e-12
0.038018939632056284	1.575670653957438e-12
0.039810717055349894	1.694738184507776e-12
0.0416869383470337	1.8269862524878644e-12
0.043651583224016764	1.9744145591400126e-12
0.04570881896148766	2.139394279550489e-12
0.047863009232264	2.324748119558113e-12
0.0501187233627274	2.533850025285287e-12
0.05248074602497742	2.770749974946003e-12
0.05495408738576262	3.0403309504397535e-12
0.05754399373371584	3.3485074177810805e-12
0.06025595860743593	3.702477648626653e-12
0.0630957344480195	4.111046281319357e-12
0.06606934480075974	4.585039059561914e-12
0.0691830970918938	5.1378392827487495e-12
0.07244359600749914	5.786085986810749e-12
0.07585775750291851	6.550588446662861e-12
0.07943282347242829	7.45753198881663e-12
0.08317637711026721	8.540078864597236e-12
0.08709635899560819	9.840508800072905e-12
0.09120108393559107	1.1413102360224877e-11
0.09549925860214369	1.3328054754859393e-11
0.10000000000000007	1.567683072755092e-11
0.10471285480509002	1.85795518406985e-11
0.10964781961431856	2.219527523249261e-11
0.11481536214968832	2.6736423487784248e-11
0.12022644346174131	3.2489230341543964e-11
0.12589254117941673	3.9842990169411975e-11
0.13182567385564067	4.9332322669263596e-11
0.13803842646028847	6.169888267660045e-11
0.14454397707459268	7.798244180018951e-11
0.1513561248436207	9.965684448399915e-11
0.1584893192461112	1.288353405922995e-10
0.16595869074375594	1.6858450516241977e-10
0.1737800828749374	2.2341031069172084e-10
0.18197008586099822	3.0002079433480347e-10
0.19054607179632457	4.085393431253986e-10
0.19952623149688783	5.644628067347745e-10
0.2089296130854038	7.918694284818775e-10
0.21877616239495512	1.1287571500092504e-9
0.22908676527677718	1.6360731329928476e-9
0.23988329190194893	2.413248910070922e-9
0.2511886431509579	3.6254071441937593e-9
0.2630267991895381	5.55190006402746e-9
0.2754228703338165	8.674596291620485e-9
0.2884031503126605	1.3841742818896704e-8
0.30199517204020154	2.2578579594477883e-8
0.31622776601683783	3.768925477744856e-8
