1.5848931924611142e-4	1.1200852982415734e-12
2.23872113856834e-4	1.5363283489915265e-12
3.1622776601683794e-4	2.214074311902738e-12
4.4668359215096305e-4	3.0568268644598056e-12
6.30957344480193e-4	4.5406960460889786e-12
8.912509381337459e-4	6.245066821439455e-12
0.0012589254117941675	9.163569552667095e-12
0.0017782794100389228	1.2548666647851034e-11
0.0025118864315095794	1.7286373992049062e-11
0.0035481338923357532	2.418500004021307e-11
0.005011872336272725	3.8210281626124823e-11
0.00707945784384138	4.9805758171335227e-11
0.01	7.323520197923413e-11
0.01412537544622754	9.894741264456342e-11
0.0199526231496888	1.524354493109433e-10
0.028183829312644536	2.434566642010431e-10
0.039810717055349734	4.063451943897639e-10
0.05623413251903491	6.992579698070877e-10
0.07943282347242814	1.6728712298727336e-9
0.11220184543019636	4.316442757021453e-4
0.15848931924611134	0.036098990429181604
0.22387211385683395	0.0402978017494848
0.31622776601683794	0.04039433533460545
