1.5848931924611142e-4	7.826675514024649e-9
1.6595869074375615e-4	8.195539657086776e-9
1.7378008287493782e-4	8.581788467223224e-9
1.8197008586099862e-4	8.986241352715904e-9
1.9054607179632522e-4	9.409756353320371e-9
1.995262314968887e-4	9.853231962977858e-9
2.0892961308540471e-4	1.0317609038735303e-8
2.187761623949563e-4	1.080387279998202e-8
2.290867652767784e-4	1.1313054922310548e-8
2.3988329190195045e-4	1.1846235730522493e-8
2.5118864315095974e-4	1.2404546495518597e-8
2.6302679918954004e-4	1.2989171840050163e-8
2.7542287033381884e-4	1.3601352258550357e-8
2.8840315031266293e-4	1.424238675652817e-8
3.019951720402044e-4	1.491363561527717e-8
3.162277660168412e-4	1.5616523287943186e-8
3.311311214825945e-4	1.6352541433298765e-8
3.467368504525356e-4	1.7123252093894745e-8
3.6307805477010547e-4	1.7930291025600723e-8
3.801893963205659e-4	1.877537118590727e-8
3.981071705535026e-4	1.9660286388746294e-8
4.1686938347034103e-4	2.0586915133989565e-8
4.3651583224017234e-4	2.1557224620220428e-8
4.570881896148817e-4	2.257327494982791e-8
4.7863009232264586e-4	2.36372235359639e-8
5.011872336272807e-4	2.475132972142206e-8
5.248074602497814e-4	2.59179596200522e-8
5.495408738576344e-4	2.713959119191818e-8
5.754399373371673e-4	2.841881956404063e-8
6.025595860743692e-4	2.9758362609247602e-8
6.309573444802052e-4	3.116106679638631e-8
6.606934480076086e-4	3.2629913325935397e-8
6.91830970918949e-4	3.41680245659045e-8
7.244359600750032e-4	3.577867080382138e-8
7.585775750291975e-4	3.7465277331598116e-8
7.94328234724296e-4	3.923143188113692e-8
8.317637711026862e-4	4.1080892429703554e-8
8.709635899560957e-4	4.3017595395360366e-8
9.120108393559256e-4	4.5045664244135394e-8
9.549925860214525e-4	4.716941853211105e-8
0.0010000000000000174	4.939338340727159e-8
0.0010471285480509178	5.172229959776219e-8
0.0010964781961432031	5.416113391520928e-8
0.0011481536214969017	5.6715090303949975e-8
0.0012022644346174327	5.938962146945096e-8
0.001258925411794188	6.219044112188411e-8
0.001318256738556429	6.512353687381134e-8
0.0013803842646029063	6.819518383424468e-8
0.00144543977074595	7.14119589450414e-8
0.001513561248436232	7.478075610970878e-8
0.0015848931924611384	7.830880216930291e-8
0.0016595869074375869	8.200367378525451e-8
0.0017378008287494012	8.587331529474288e-8
0.0018197008586100104	8.992605761073302e-8
0.0019054607179632755	9.417063824610235e-8
0.0019952623149689093	9.861622254952937e-8
0.0020892961308540707	1.0327242625011285e-7
0.0021877616239495833	1.0814933941820916e-7
0.0022908676527678053	1.1325755196187576e-7
0.002398832919019524	1.1860818079179497e-7
0.0025118864315096154	1.2421289880285798e-7
0.002630267991895419	1.30083965837973e-7
0.002754228703338203	1.3623426181943126e-7
0.002884031503126644	1.4267732225567256e-7
0.003019951720402056	1.494273763569412e-7
0.0031622776601684215	1.564993880225787e-7
0.003311311214825955	1.639090999961049e-7
0.003467368504525359	1.7167308152241062e-7
0.0036307805477010582	1.798087798850488e-7
0.003801893963205659	1.8833457625158525e-7
0.003981071705535022	1.9726984631224304e-7
0.0041686938347034064	2.0663502626272377e-7
0.00436515832240171	2.1645168475744447e-7
0.004570881896148803	2.26742601545968e-7
0.004786300923226439	2.3753185360487463e-7
0.005011872336272781	2.4884490969176007e-7
0.005248074602497787	2.607087343797959e-7
0.0054954087385763045	2.731519027831171e-7
0.005754399373371631	2.862047273584198e-7
0.006025595860743643	2.998993983702931e-7
0.0063095734448020005	3.1427013984142564e-7
0.006606934480076032	3.2935338307899203e-7
0.006918309709189433	3.4518796018138617e-7
0.007244359600749973	3.6181532029207624e-7
0.007585775750291913	3.7927977178815607e-7
0.007943282347242895	3.9762875408008286e-7
0.008317637711026794	4.169131432678272e-7
0.008709635899560886	4.371875965612145e-7
0.00912010839355918	4.585109411451026e-7
0.009549925860214447	4.809466140730106e-7
0.010000000000000092	5.045631608294351e-7
0.010471285480509086	5.294348014395935e-7
0.010964781961431946	5.556420744596308e-7
0.011481536214968923	5.83272570891195e-7
0.012022644346174229	6.124217720810201e-7
0.012589254117941777	6.431940080483153e-7
0.013182567385564175	6.757035555028047e-7
0.013803842646028958	7.100758981622493e-7
0.014454397707459384	7.464491759579053e-7
0.015135612484362196	7.849758544614443e-7
0.015848931924611256	8.258246515393866e-7
0.016595869074375724	8.691827650408141e-7
0.01737800828749388	9.15258453497955e-7
0.018197008586099957	9.642840316735727e-7
0.019054607179632598	1.0165193547053117e-6
0.01995262314968893	1.072255879051481e-6
0.020892961308540525	1.1318214060321469e-6
0.021877616239495665	1.1955856352342179e-6
0.022908676527677866	1.2639666813566064e-6
0.023988329190195046	1.3374387404108807e-6
0.02511886431509595	1.4165411310883086e-6
0.026302679918953964	1.5018889865007841e-6
0.027542287033381817	1.5941859328908918e-6
0.028840315031266203	1.6942391684870162e-6
0.030199517204020317	1.8029774515849834e-6
0.03162277660168396	1.9214726275231695e-6
0.033113112148259266	2.050965476452637e-6
0.034673685045253325	2.192896856795684e-6
0.036307805477010284	2.3489453649931545e-6
0.038018939632056284	2.5210730463319003e-6
0.039810717055349894	2.7115810952124415e-6
0.0416869383470337	2.9231780039805827e-6
0.043651583224016764	3.15906329462402e-6
0.04570881896148766	3.423030847280782e-6
0.047863009232264	3.7195969912929808e-6
0.0501187233627274	4.054160040456459e-6
0.05248074602497742	4.4331999599136035e-6
0.05495408738576262	4.864529520703607e-6
0.05754399373371584	5.357611868449729e-6
0.06025595860743593	5.9239642378026435e-6
0.0630957344480195	6.577674050110972e-6
0.06606934480075974	7.3360624952990636e-6
0.0691830970918938	8.220542852397998e-6
0.07244359600749914	9.257737578897198e-6
0.07585775750291851	1.0480941514660578e-5
0.07943282347242829	1.1932051182106608e-5
0.08317637711026721	1.3664126183355577e-5
0.08709635899560819	1.5744814080116652e-5
0.09120108393559107	1.82609637763598e-5
0.09549925860214369	2.1324887607775024e-5
0.10000000000000007	2.5082929164081472e-5
0.10471285480509002	2.97272829451176e-5
0.10964781961431856	3.551244037198818e-5
0.11481536214968832	4.27782775804548e-5
0.12022644346174131	5.198276854647033e-5
0.12589254117941673	6.374878427105916e-5
0.13182567385564067	7.893171627082174e-5
0.13803842646028847	9.871821228256071e-5
0.14454397707459268	1.247719068803032e-4
0.1513561248436207	1.5945095117439866e-4
0.1584893192461112	2.0613654494767912e-4
0.16595869074375594	2.697352082598716e-4
0.1737800828749374	3.5745649710675336e-4
0.18197008586099822	4.800332709356854e-4
0.19054607179632457	6.536629490006377e-4
0.19952623149688783	9.031404907756389e-4
0.2089296130854038	0.001266991085571004
0.21877616239495512	0.0018060114400148001
0.22908676527677718	0.0026177170127885557
0.23988329190194893	0.003861198256113475
0.2511886431509579	0.005800651430710014
0.2630267991895381	0.008883040102443935
0.2754228703338165	0.013879354066592775
0.2884031503126605	0.022146788510234727
0.30199517204020154	0.03612572735116461
0.31622776601683783	0.06030280764391768
