0.0031622776601683794	4.225483476609569e-12
0.003311311214825911	4.425545699894773e-12
0.0034673685045253167	4.635173201105031e-12
0.00363078054770101	4.8548370568962535e-12
0.003801893963205609	5.085033558792734e-12
0.003981071705534969	5.3262858504304925e-12
0.004168693834703351	5.579145709093467e-12
0.004365158322401657	5.844195488450925e-12
0.004570881896148743	6.122050241741052e-12
0.004786300923226376	6.4133600473315296e-12
0.005011872336272715	6.718812561677434e-12
0.005248074602497718	7.03913582825439e-12
0.005495408738576237	7.375101375144068e-12
0.0057543993733715545	7.727527638677227e-12
0.006025595860743562	8.097283755997806e-12
0.006309573444801917	8.485293775718375e-12
0.006606934480075944	8.892541343132662e-12
0.006918309709189349	9.32007492489731e-12
0.007244359600749877	9.769013647885928e-12
0.0075857757502918125	1.0240553838280077e-11
0.00794328234724279	1.0735976360162084e-11
0.008317637711026683	1.1256654868231177e-11
0.008709635899560779	1.1804065107152637e-11
0.009120108393559059	1.23797954109176e-11
0.00954992586021432	1.2985558579971106e-11
0.009999999999999959	1.3623205342394554e-11
0.010471285480508952	1.4294739638868835e-11
0.0109647819614318	1.500233601040982e-11
0.011481536214968776	1.5748359414062048e-11
0.01202264434617407	1.653538784618731e-11
0.01258925411794161	1.7366238217304267e-11
0.013182567385564007	1.8243995998575475e-11
0.013803842646028774	1.917204925038045e-11
0.014454397707459198	2.0154127750863156e-11
0.015135612484361995	2.1194348070458685e-11
0.015848931924611044	2.2297265591563118e-11
0.016595869074375512	2.3467934656101645e-11
0.017378008287493647	2.4711978244444417e-11
0.01819700858609972	2.6035668855186087e-11
0.019054607179632345	2.744602257704299e-11
0.019952623149688667	2.8950908734389535e-11
0.020892961308540257	3.0559177962867506e-11
0.021877616239495374	3.228081215132336e-11
0.02290867652767757	3.412710039662784e-11
0.023988329190194727	3.6110845991093186e-11
0.025118864315095617	3.824661053938369e-11
0.026302679918953627	4.0551002635520514e-11
0.02754228703338145	4.3043020188053314e-11
0.028840315031265835	4.574445754914868e-11
0.030199517204019914	4.868039119279363e-11
0.031622776601683535	5.187976094312461e-11
0.03311311214825884	5.537606786422019e-11
0.03467368504525287	5.920821513348231e-11
0.036307805477009826	6.342152485481396e-11
0.03801893963205578	6.80689722509599e-11
0.039810717055349366	7.321268957073436e-11
0.041686938347033166	7.892580610747404e-11
0.04365158322401619	8.52947089548466e-11
0.045708818961487076	9.2421832876579e-11
0.04786300923226336	1.0042911876490802e-10
0.050118723362726735	1.0946232109232167e-10
0.052480746024976745	1.196963989176643e-10
0.05495408738576189	1.3134229705899378e-10
0.057543993733715104	1.4465552044813874e-10
0.06025595860743513	1.5994703442066664e-10
0.06309573444801865	1.775971993529907e-10
0.0660693448007589	1.980736873730685e-10
0.06918309709189288	2.2195465701473861e-10
0.07244359600749821	2.4995891463021574e-10
0.07585775750291751	2.8298542089582517e-10
0.07943282347242724	3.221653819168659e-10
0.08317637711026615	3.689314069505864e-10
0.08709635899560703	4.2510998016313155e-10
0.0912010839355899	4.930460219616942e-10
0.09549925860214242	5.757719654098994e-10
0.09999999999999877	6.772390874301684e-10
0.10471285480508864	8.026366395181359e-10
0.1096478196143171	9.588358900436305e-10
0.11481536214968682	1.1550134946722172e-9
0.12022644346173975	1.4035347507546194e-9
0.12589254117941506	1.7212171753184946e-9
0.13182567385563895	2.1311563393120543e-9
0.1380384264602866	2.665391731628961e-9
0.1445439770745908	3.3688414857679553e-9
0.15135612484361874	4.305175681708458e-9
0.15848931924610915	5.565686713586922e-9
0.16595869074375377	7.28285062301597e-9
0.17378008287493515	9.651325421881562e-9
0.18197008586099583	1.2960898315262402e-8
0.1905460717963221	1.764889962301568e-8
0.19952623149688523	2.438479325093998e-8
0.2089296130854011	3.4208759310413803e-8
0.2187761623949523	4.876230888039472e-8
0.22908676527677418	7.067835934528322e-8
0.2398832919019458	1.0425235291505198e-7
0.2511886431509546	1.5661758862915206e-7
0.26302679918953464	2.398420827659569e-7
0.27542287033381296	3.747425597979577e-7
0.28840315031265673	5.979632897762559e-7
0.3019951720401976	9.753946384813058e-7
0.3162277660168337	1.628175806385535e-6
