0.0031622776601683794	1.7642812410798602e-13
0.003981071705534973	2.0088851319412814e-13
0.005011872336272725	2.616679955559855e-13
0.00630957344480193	2.972136186251394e-13
0.007943282347242814	4.5268464833190624e-13
0.01	5.043196298652429e-13
0.012589254117941675	7.484907857899317e-13
0.015848931924611134	7.876286633628918e-13
0.0199526231496888	1.2170395259047118e-12
0.025118864315095794	1.3666199568146597e-12
0.03162277660168379	2.2233056783996474e-12
0.039810717055349734	3.09136525372854e-12
0.05011872336272722	4.937811991338521e-12
0.06309573444801933	7.928077112085033e-12
0.07943282347242814	1.3325164131466517e-11
0.1	4.629141378976286e-4
0.12589254117941673	0.01830224729135382
0.15848931924611134	0.03905893694534532
0.19952623149688797	0.04072024423852778
0.251188643150958	0.04044820598803307
0.31622776601683794	0.039577865031827
