0.001584893192461114	1.7401173821223976e-12
0.001995262314968879	1.9816365307066137e-12
0.0025118864315095794	2.33705114052764e-12
0.0031622776601683794	3.3975483541518962e-12
0.003981071705534973	4.722292816786338e-12
0.005011872336272725	4.171787197100196e-12
0.00630957344480193	5.509713563711968e-12
0.007943282347242814	9.541983570216129e-12
0.01	9.79544004489956e-12
0.012589254117941675	1.487052721849449e-11
0.015848931924611134	1.691856196866457e-11
0.0199526231496888	1.9783263432985887e-11
0.025118864315095794	2.9954948617837876e-11
0.03162277660168379	3.4449742839997906e-11
0.039810717055349734	6.076577677927279e-11
0.05011872336272722	8.095549246411925e-11
0.06309573444801933	1.3107664739795161e-10
0.07943282347242814	2.7239967361336153e-10
0.1	6.088511277225196e-10
0.12589254117941673	0.008817732575794508
0.15848931924611134	0.03605412369814335
0.19952623149688797	0.0470032903561831
0.251188643150958	0.043923793360400476
0.31622776601683794	0.04066613656029437
0.3981071705534972	0.03956614682622627
0.5011872336272722	0.03928495487597866
