1.5848931924611142e-4	1.1006262441597163e-12
1.6595869074375615e-4	1.152497764277828e-12
1.7378008287493782e-4	1.2068140032032659e-12
1.8197008586099862e-4	1.263690190225674e-12
1.9054607179632522e-4	1.3232469871856771e-12
1.995262314968887e-4	1.3856107447937616e-12
2.0892961308540471e-4	1.4509137710721515e-12
2.187761623949563e-4	1.5192946124974713e-12
2.290867652767784e-4	1.5908983484499208e-12
2.3988329190195045e-4	1.6658768996047254e-12
2.5118864315095974e-4	1.7443893509323023e-12
2.6302679918954004e-4	1.8266022900070536e-12
2.7542287033381884e-4	1.912690161358644e-12
2.8840315031266293e-4	2.002835637636774e-12
3.019951720402044e-4	2.097230008398352e-12
3.162277660168412e-4	2.1960735873670105e-12
3.311311214825945e-4	2.299576139057639e-12
3.467368504525356e-4	2.4079573257039487e-12
3.6307805477010547e-4	2.5214471754751017e-12
3.801893963205659e-4	2.64028657301821e-12
3.981071705535026e-4	2.7647277734174484e-12
4.1686938347034103e-4	2.8950349407172827e-12
4.3651583224017234e-4	3.031484712218497e-12
4.570881896148817e-4	3.1743667898195502e-12
4.7863009232264586e-4	3.3239845597449243e-12
5.011872336272807e-4	3.4806557420749766e-12
5.248074602497814e-4	3.644713071569839e-12
5.495408738576344e-4	3.8165050113634944e-12
5.754399373371673e-4	3.996396501193214e-12
6.025595860743692e-4	4.184769741925444e-12
6.309573444802052e-4	4.382025018241826e-12
6.606934480076086e-4	4.5885815614596664e-12
6.91830970918949e-4	4.8048784545803195e-12
7.244359600750032e-4	5.031375581787381e-12
7.585775750291975e-4	5.268554624755985e-12
7.94328234724296e-4	5.516920108284879e-12
8.317637711026862e-4	5.777000497927062e-12
8.709635899560957e-4	6.049349352472552e-12
9.120108393559256e-4	6.334546534331539e-12
9.549925860214525e-4	6.633199481078117e-12
0.0010000000000000174	6.945944541647567e-12
0.0010471285480509178	7.2734483809353066e-12
0.0010964781961432031	7.616409456826304e-12
0.0011481536214969017	7.975559573992965e-12
0.0012022644346174327	8.351665519141542e-12
0.001258925411794188	8.745530782764953e-12
0.001318256738556429	9.15799737287972e-12
0.0013803842646029063	9.589947726690663e-12
0.00144543977074595	1.0042306726646443e-11
0.001513561248436232	1.0516043827927794e-11
0.0015848931924611384	1.1012175305058222e-11
0.0016595869074375869	1.1531766626051417e-11
0.0017378008287494012	1.2075934963323221e-11
0.0018197008586100104	1.2645851851509331e-11
0.0019054607179632755	1.3242746003358144e-11
0.0019952623149689093	1.386790629602757e-11
0.0020892961308540707	1.452268494142212e-11
0.0021877616239495833	1.5208500855685662e-11
0.0022908676527678053	1.5926843244638783e-11
0.002398832919019524	1.667927542384617e-11
0.0025118864315096154	1.74674388941519e-11
0.002630267991895419	1.8293057695964955e-11
0.002754228703338203	1.9157943068357518e-11
0.002884031503126644	2.0063998442203954e-11
0.003019951720402056	2.101322480019485e-11
0.0031622776601684215	2.2007726440675136e-11
0.003311311214825955	2.304971718695225e-11
0.003467368504525359	2.4141527089088996e-11
0.0036307805477010582	2.528560967133499e-11
0.003801893963205659	2.6484549785379177e-11
0.003981071705535022	2.7741072137659176e-11
0.0041686938347034064	2.905805056819553e-11
0.00436515832240171	3.043851816901562e-11
0.004570881896148803	3.188567834240174e-11
0.004786300923226439	3.340291691318549e-11
0.005011872336272781	3.499381542540376e-11
0.005248074602497787	3.666216577215879e-11
0.0054954087385763045	3.841198632887584e-11
0.005754399373371631	4.024753978477779e-11
0.006025595860743643	4.217335289582247e-11
0.0063095734448020005	4.4194238415200486e-11
0.006606934480076032	4.6315319495483255e-11
0.006918309709189433	4.854205690050744e-11
0.007244359600749973	5.088027941607322e-11
0.007585775750291913	5.333621790770945e-11
0.007943282347242895	5.591654354251165e-11
0.008317637711026794	5.862841077203819e-11
0.008709635899560886	6.147950576642078e-11
0.00912010839355918	6.447810109853007e-11
0.009549925860214447	6.763311760401712e-11
0.010000000000000092	7.095419449163931e-11
0.010471285480509086	7.445176895244285e-11
0.010964781961431946	7.813716672088558e-11
0.011481536214968923	8.202270528157429e-11
0.012022644346174229	8.612181169889344e-11
0.012589254117941777	9.044915738179434e-11
0.013182567385564175	9.502081249258192e-11
0.013803842646028958	9.98544231790663e-11
0.014454397707459384	1.049694153690804e-10
0.015135612484362196	1.1038722953364058e-10
0.015848931924611256	1.1613159162272622e-10
0.016595869074375724	1.2222882633386445e-10
0.01737800828749388	1.287082200231499e-10
0.018197008586099957	1.3560244195409618e-10
0.019054607179632598	1.4294803425543446e-10
0.01995262314968893	1.5078598299161455e-10
0.020892961308540525	1.5916238522327067e-10
0.021877616239495665	1.6812922995481185e-10
0.022908676527677866	1.7774531456577275e-10
0.023988329190195046	1.8807732287028006e-10
0.02511886431509595	1.9920109655929337e-10
0.026302679918953964	2.1120313872667273e-10
0.027542287033381817	2.2418239681278166e-10
0.028840315031266203	2.382523830684867e-10
0.030199517204020317	2.535437041291382e-10
0.03162277660168396	2.702070882454458e-10
0.033113112148259266	2.884170201261521e-10
0.034673685045253325	3.083761204868931e-10
0.036307805477010284	3.303204419521624e-10
0.038018939632056284	3.545258971404236e-10
0.039810717055349894	3.8131609151424964e-10
0.0416869383470337	4.1107190680976945e-10
0.043651583224016764	4.442432758065028e-10
0.04570881896148766	4.8136371289886e-10
0.047863009232264	5.230683269005755e-10
0.0501187233627274	5.701162556891895e-10
0.05248074602497742	6.234187443628506e-10
0.05495408738576262	6.840744638489446e-10
0.05754399373371584	7.53414169000743e-10
0.06025595860743593	8.330574709409966e-10
0.0630957344480195	9.249854132968552e-10
0.06606934480075974	1.0316337884014307e-9
0.0691830970918938	1.1560138386184685e-9
0.07244359600749914	1.3018693470324184e-9
0.07585775750291851	1.4738824004991438e-9
0.07943282347242829	1.6779446974837422e-9
0.08317637711026721	1.9215177445343784e-9
0.08709635899560819	2.214114480016404e-9
0.09120108393559107	2.5679480310505973e-9
0.09549925860214369	2.9988123198433633e-9
0.10000000000000007	3.527286913698958e-9
0.10471285480509002	4.180399164157163e-9
0.10964781961431856	4.9939369273108375e-9
0.11481536214968832	6.015695284751455e-9
0.12022644346174131	7.310076826847392e-9
0.12589254117941673	8.964672788117696e-9
0.13182567385564067	1.1099772600584306e-8
0.13803842646028847	1.38822486022351e-8
0.14454397707459268	1.7546049405042638e-8
0.1513561248436207	2.242279000889981e-8
0.1584893192461112	2.8987951633267387e-8
0.16595869074375594	3.7931513661544443e-8
0.1737800828749374	5.026731990563719e-8
0.18197008586099822	6.750467872533077e-8
0.19054607179632457	9.192135220321466e-8
0.19952623149688783	1.2700413151532425e-7
0.2089296130854038	1.7817062140842242e-7
0.21877616239495512	2.539703587520813e-7
0.22908676527677718	3.6811645492339074e-7
0.23988329190194893	5.429810047659573e-7
0.2511886431509579	8.157166074435957e-7
0.2630267991895381	1.2491775144061783e-6
0.2754228703338165	1.951784165614609e-6
0.2884031503126605	3.1143921342517584e-6
0.30199517204020154	5.080180408757525e-6
0.31622776601683783	8.480082324925926e-6
