1.5848931924611142e-4	1.2229180490663517e-13
1.6595869074375615e-4	1.2805530714198088e-13
1.7378008287493782e-4	1.3409044480036286e-13
1.8197008586099862e-4	1.40410021136186e-13
1.9054607179632522e-4	1.4702744302063076e-13
1.995262314968887e-4	1.5395674942152903e-13
2.0892961308540471e-4	1.612126412302391e-13
2.187761623949563e-4	1.6881051249971907e-13
2.290867652767784e-4	1.767664831611023e-13
2.3988329190195045e-4	1.8509743328941392e-13
2.5118864315095974e-4	1.9382103899247805e-13
2.6302679918954004e-4	2.029558100007838e-13
2.7542287033381884e-4	2.1252112903984932e-13
2.8840315031266293e-4	2.2253729307075265e-13
3.019951720402044e-4	2.330255564887058e-13
3.162277660168412e-4	2.440081763741123e-13
3.311311214825945e-4	2.5550845989529323e-13
3.467368504525356e-4	2.6755081396710546e-13
3.6307805477010547e-4	2.8016079727501134e-13
3.801893963205659e-4	2.9336517477980106e-13
3.981071705535026e-4	3.0719197482416087e-13
4.1686938347034103e-4	3.2167054896858696e-13
4.3651583224017234e-4	3.368316346909442e-13
4.570881896148817e-4	3.527074210910611e-13
4.7863009232264586e-4	3.6933161774943597e-13
5.011872336272807e-4	3.8673952689721977e-13
5.248074602497814e-4	4.0496811906331557e-13
5.495408738576344e-4	4.240561123737215e-13
5.754399373371673e-4	4.4404405568813486e-13
6.025595860743692e-4	4.649744157694938e-13
6.309573444802052e-4	4.86891668693536e-13
6.606934480076086e-4	5.098423957177405e-13
6.91830970918949e-4	5.338753838422578e-13
7.244359600750032e-4	5.59041731309709e-13
7.585775750291975e-4	5.853949583062206e-13
7.94328234724296e-4	6.129911231427644e-13
8.317637711026862e-4	6.41888944214118e-13
8.709635899560957e-4	6.721499280525057e-13
9.120108393559256e-4	7.038385038146155e-13
9.549925860214525e-4	7.370221645642351e-13
0.0010000000000000174	7.717716157386187e-13
0.0010471285480509178	8.081609312150343e-13
0.0010964781961432031	8.46267717425145e-13
0.0011481536214969017	8.861732859992184e-13
0.0012022644346174327	9.279628354601712e-13
0.001258925411794188	9.717256425294391e-13
0.001318256738556429	1.0175552636533023e-12
0.0013803842646029063	1.0655497474100732e-12
0.00144543977074595	1.1158118585162716e-12
0.001513561248436232	1.1684493142141997e-12
0.0015848931924611384	1.223575033895358e-12
0.0016595869074375869	1.2813074028946019e-12
0.0017378008287494012	1.3417705514803574e-12
0.0018197008586100104	1.4050946501677035e-12
0.0019054607179632755	1.4714162225953495e-12
0.0019952623149689093	1.5408784773363964e-12
0.0020892961308540707	1.6136316601580136e-12
0.0021877616239495833	1.6898334284095182e-12
0.0022908676527678053	1.769649249404309e-12
0.002398832919019524	1.853252824871796e-12
0.0025118864315096154	1.9408265437946558e-12
0.002630267991895419	2.0325619662183282e-12
0.002754228703338203	2.1286603409286133e-12
0.002884031503126644	2.2293331602448835e-12
0.003019951720402056	2.334802755577206e-12
0.0031622776601684215	2.4453029378527927e-12
0.003311311214825955	2.5610796874391393e-12
0.003467368504525359	2.682391898787666e-12
0.0036307805477010582	2.809512185703888e-12
0.003801893963205659	2.942727753931019e-12
0.003981071705535022	3.0823413486287974e-12
0.0041686938347034064	3.2286722853550588e-12
0.00436515832240171	3.38205757433507e-12
0.004570881896148803	3.5428531491557493e-12
0.004786300923226439	3.7114352125761655e-12
0.005011872336272781	3.888201713933751e-12
0.005248074602497787	4.073573974684311e-12
0.0054954087385763045	4.267998480986205e-12
0.005754399373371631	4.471948864975309e-12
0.006025595860743643	4.68592809953583e-12
0.0063095734448020005	4.910470935022276e-12
0.006606934480076032	5.1461466106092504e-12
0.006918309709189433	5.39356187783416e-12
0.007244359600749973	5.65336437956369e-12
0.007585775750291913	5.926246434189938e-12
0.007943282347242895	6.212949282501295e-12
0.008317637711026794	6.514267863559801e-12
0.008709635899560886	6.831056196268978e-12
0.00912010839355918	7.164233455392227e-12
0.009549925860214447	7.514790844890791e-12
0.010000000000000092	7.883799387959925e-12
0.010471285480509086	8.27241877249365e-12
0.010964781961431946	8.681907413431732e-12
0.011481536214968923	9.113633920174921e-12
0.012022644346174229	9.569090188765938e-12
0.012589254117941777	1.0049906375754927e-11
0.013182567385564175	1.0557868054731323e-11
0.013803842646028958	1.1094935908785144e-11
0.014454397707459384	1.1663268374342269e-11
0.015135612484362196	1.2265247725960067e-11
0.015848931924611256	1.2903510180302916e-11
0.016595869074375724	1.3580980703762718e-11
0.01737800828749388	1.4300913335905549e-11
0.018197008586099957	1.506693799489957e-11
0.019054607179632598	1.5883114917270493e-11
0.01995262314968893	1.6753998110179392e-11
0.020892961308540525	1.7684709469252293e-11
0.021877616239495665	1.8681025550534655e-11
0.022908676527677866	1.9749479396196972e-11
0.023988329190195046	2.0897480318920005e-11
0.02511886431509595	2.213345517325482e-11
0.026302679918953964	2.346701541407475e-11
0.027542287033381817	2.4909155201420183e-11
0.028840315031266203	2.647248700760963e-11
0.030199517204020317	2.8171522681015363e-11
0.03162277660168396	3.0023009805049526e-11
0.033113112148259266	3.204633556957246e-11
0.034673685045253325	3.426401338743256e-11
0.036307805477010284	3.670227132801803e-11
0.038018939632056284	3.939176634893595e-11
0.039810717055349894	4.2368454612694396e-11
0.0416869383470337	4.567465631219661e-11
0.043651583224016764	4.936036397850031e-11
0.04570881896148766	5.3484856988762213e-11
0.047863009232264	5.811870298895282e-11
0.0501187233627274	6.334625063213217e-11
0.05248074602497742	6.926874937365006e-11
0.05495408738576262	7.600827376099384e-11
0.05754399373371584	8.371268544452701e-11
0.06025595860743593	9.256194121566631e-11
0.0630957344480195	1.0277615703298392e-10
0.06606934480075974	1.1462597648904787e-10
0.0691830970918938	1.2844598206871873e-10
0.07244359600749914	1.4465214967026872e-10
0.07585775750291851	1.6376471116657153e-10
0.07943282347242829	1.8643829972041578e-10
0.08317637711026721	2.135019716149309e-10
0.08709635899560819	2.4601272000182267e-10
0.09120108393559107	2.853275590056219e-10
0.09549925860214369	3.332013688714848e-10
0.10000000000000007	3.9192076818877296e-10
0.10471285480509002	4.6448879601746247e-10
0.10964781961431856	5.548818808123152e-10
0.11481536214968832	6.684105871946062e-10
0.12022644346174131	8.122307585385991e-10
0.12589254117941673	9.960747542352995e-10
0.13182567385564067	1.2333080667315898e-9
0.13803842646028847	1.5424720669150112e-9
0.14454397707459268	1.9495610450047373e-9
0.1513561248436207	2.4914211120999786e-9
0.1584893192461112	3.220883514807487e-9
0.16595869074375594	4.214612629060494e-9
0.1737800828749374	5.585257767293021e-9
0.18197008586099822	7.500519858370086e-9
0.19054607179632457	1.0213483578134962e-8
0.19952623149688783	1.4111570168369356e-8
0.2089296130854038	1.9796735712046938e-8
0.21877616239495512	2.8218928750231252e-8
0.22908676527677718	4.090182832482119e-8
0.23988329190194893	6.033122275177305e-8
0.2511886431509579	9.063517860484397e-8
0.2630267991895381	1.387975016006865e-7
0.2754228703338165	2.1686490729051211e-7
0.2884031503126605	3.4604357047241757e-7
0.30199517204020154	5.644644898619471e-7
0.31622776601683783	9.422313694362137e-7
