1.5848931924611142e-4	7.806484907253118e-10
2.23872113856834e-4	1.1243223016471476e-9
3.1622776601683794e-4	1.487826023822647e-9
4.4668359215096305e-4	2.355411120787482e-9
6.30957344480193e-4	3.070624901993273e-9
8.912509381337459e-4	4.6286367517583706e-9
0.0012589254117941675	6.300670379390995e-9
0.0017782794100389228	9.143230339199416e-9
0.0025118864315095794	1.2551272354273755e-8
0.0035481338923357532	1.7123415219339007e-8
0.005011872336272725	2.375788850657715e-8
0.00707945784384138	3.434681726128708e-8
0.01	5.1357499704320507e-8
0.01412537544622754	7.532387264676108e-8
0.0199526231496888	1.8339342438431514e-4
0.028183829312644536	0.0026747333989159956
0.039810717055349734	0.013808360574564988
0.05623413251903491	0.028695829572218584
0.07943282347242814	0.03800516530126295
0.11220184543019636	0.040138941748283787
0.15848931924611134	0.04084461359253464
0.22387211385683395	0.04018884644078966
0.31622776601683794	0.03927462821412419
