0.0031622776601683794	3.174668276941825e-12
0.003311311214825911	3.324977986397275e-12
0.0034673685045253167	3.4824742307325557e-12
0.00363078054770101	3.64751093681161e-12
0.003801893963205609	3.820460975802204e-12
0.003981071705534969	4.001717393261076e-12
0.004168693834703351	4.1916947476284496e-12
0.004365158322401657	4.390830569835405e-12
0.004570881896148743	4.599586958483134e-12
0.004786300923226376	4.81845232707102e-12
0.005011872336272715	5.047943322071701e-12
0.005248074602497718	5.28860693332411e-12
0.005495408738576237	5.541022821295318e-12
0.0057543993733715545	5.805805889314221e-12
0.006025595860743562	6.0836091329810716e-12
0.006309573444801917	6.375126803695247e-12
0.006606934480075944	6.681097928724765e-12
0.006918309709189349	7.0023102365870095e-12
0.007244359600749877	7.33960454386621e-12
0.0075857757502918125	7.693879668129284e-12
0.00794328234724279	8.066097941519221e-12
0.008317637711026683	8.457291411142882e-12
0.008709635899560779	8.868568825809646e-12
0.009120108393559059	9.301123524355823e-12
0.00954992586021432	9.756242359106767e-12
0.009999999999999959	1.0235315809462473e-11
0.010471285480508952	1.073984946571663e-11
0.0109647819614318	1.1271477092719625e-11
0.011481536214968776	1.1831975517702517e-11
0.01202264434617407	1.2423281627488587e-11
0.01258925411794161	1.3047511808643328e-11
0.013182567385564007	1.3706984221318912e-11
0.013803842646028774	1.4404244365424832e-11
0.014454397707459198	1.5142094478484715e-11
0.015135612484361995	1.5923627400795404e-11
0.015848931924611044	1.6752265658574846e-11
0.016595869074375512	1.7631806653720247e-11
0.017378008287493647	1.856647501460888e-11
0.01819700858609972	1.9560983362273543e-11
0.019054607179632345	2.0620602988011262e-11
0.019952623149688667	2.175124623169762e-11
0.020892961308540257	2.295956270688768e-11
0.021877616239495374	2.425305195441275e-11
0.02290867652767757	2.5640195639840606e-11
0.023988329190194727	2.713061306618571e-11
0.025118864315095617	2.8735244582557246e-11
0.026302679918953627	3.046656847146545e-11
0.02754228703338145	3.233885814278987e-11
0.028840315031265835	3.436848801588932e-11
0.030199517204019914	3.657429841682467e-11
0.031622776601683535	3.897803226380511e-11
0.03311311214825884	4.160485940211885e-11
0.03467368504525287	4.448400836475004e-11
0.036307805477009826	4.7649530319169014e-11
0.03801893963205578	5.1141226334304955e-11
0.039810717055349366	5.500577728830531e-11
0.041686938347033166	5.92981263016334e-11
0.04365158322401619	6.40831772763686e-11
0.045708818961487076	6.943789096662585e-11
0.04786300923226336	7.545388336957778e-11
0.050118723362726735	8.224066197770222e-11
0.052480746024976745	8.992967612146078e-11
0.05495408738576189	9.867941176483379e-11
0.057543993733715104	1.0868183354480745e-10
0.06025595860743513	1.2017057432056094e-10
0.06309573444801865	1.3343140447257002e-10
0.0660693448007589	1.488156929925383e-10
0.06918309709189288	1.6675781894420632e-10
0.07244359600749821	1.87797832178975e-10
0.07585775750291751	2.1261113515839606e-10
0.07943282347242724	2.4204761977225087e-10
0.08317637711026615	2.7718362655941876e-10
0.08709635899560703	3.193914201075369e-10
0.0912010839355899	3.704327738254652e-10
0.09549925860214242	4.3258599955664874e-10
0.09999999999999877	5.088197501353632e-10
0.10471285480508864	6.030327870158797e-10
0.1096478196143171	7.203875958254173e-10
0.11481536214968682	8.677787337882922e-10
0.12022644346173975	1.0544964318216526e-9
0.12589254117941506	1.2931759393827907e-9
0.13182567385563895	1.6011693007603715e-9
0.1380384264602866	2.002548258173525e-9
0.1445439770745908	2.5310604701487266e-9
0.15135612484361874	3.2345422101491047e-9
0.15848931924610915	4.181582805099115e-9
0.16595869074375377	5.471713465827175e-9
0.17378008287493515	7.251183637777281e-9
0.18197008586099583	9.737714737236966e-9
0.1905460717963221	1.3259879506397958e-8
0.19952623149688523	1.8320656086356106e-8
0.2089296130854011	2.5701547190393543e-8
0.2187761623949523	3.6635844387975e-8
0.22908676527677418	5.310169747955163e-8
0.2398832919019458	7.832633577389329e-8
0.2511886431509546	1.1766911241859658e-7
0.26302679918953464	1.8019690666112463e-7
0.27542287033381296	2.815496317039502e-7
0.28840315031265673	4.4925867000470017e-7
0.3019951720401976	7.328284286110488e-7
0.3162277660168337	1.223272581807314e-6
