1.5848931924611142e-4	1.2309174823979614e-13
2.23872113856834e-4	1.7147710665123774e-13
3.1622776601683794e-4	2.427852732428426e-13
4.4668359215096305e-4	3.390354626228003e-13
6.30957344480193e-4	4.97752846882885e-13
8.912509381337459e-4	6.86189069023209e-13
0.0012589254117941675	1.0049854723553468e-12
0.0017782794100389228	1.4246696211737448e-12
0.0025118864315095794	1.905303097394812e-12
0.0035481338923357532	2.6962953859251235e-12
0.005011872336272725	4.16230524916054e-12
0.00707945784384138	5.514123927141491e-12
0.01	8.009775906115564e-12
0.01412537544622754	1.1128078040435133e-11
0.0199526231496888	1.6643543978269995e-11
0.028183829312644536	2.693665060286214e-11
0.039810717055349734	4.4487058959372056e-11
0.05623413251903491	7.99409258110215e-11
0.07943282347242814	1.8661811340534028e-10
0.11220184543019636	4.3192327083374656e-4
0.15848931924611134	0.0332278991618974
0.22387211385683395	0.03997534541954964
0.31622776601683794	0.0397522537982377
