0.001584893192461114	5.778692618155799e-14
0.001995262314968879	7.568239159959712e-14
0.0025118864315095794	9.704853199638558e-14
0.0031622776601683794	1.0304673826687951e-13
0.003981071705534973	1.5233347059866327e-13
0.005011872336272725	1.893516969891355e-13
0.00630957344480193	2.69457567173618e-13
0.007943282347242814	3.509410504983514e-13
0.01	3.9936741927872656e-13
0.012589254117941675	6.041630700701696e-13
0.015848931924611134	7.483325672693455e-13
0.0199526231496888	7.726362907347671e-13
0.025118864315095794	9.600139520985622e-13
0.03162277660168379	1.5810993019833794e-12
0.039810717055349734	1.8974342833386046e-12
0.05011872336272722	2.828430151034923e-12
0.06309573444801933	5.962439399772503e-12
0.07943282347242814	1.064830265556971e-11
0.1	2.0217287502391486e-11
0.12589254117941673	0.016445429579556147
0.15848931924611134	0.033246509947579155
0.19952623149688797	0.038648927573935336
0.251188643150958	0.041784114302831146
0.31622776601683794	0.03815345411978102
0.3981071705534972	0.04092233261444445
0.5011872336272722	0.04337041015476703
