0.0031622776601683794	3.380386781287655e-8
0.003311311214825911	3.540436559915818e-8
0.0034673685045253167	3.708138560884025e-8
0.00363078054770101	3.8838696455170026e-8
0.003801893963205609	4.068026847034187e-8
0.003981071705534969	4.261028680344394e-8
0.004168693834703351	4.4633165672747736e-8
0.004365158322401657	4.6753563907607396e-8
0.004570881896148743	4.897640193392841e-8
0.004786300923226376	5.1306880378652234e-8
0.005011872336272715	5.375050049341947e-8
0.005248074602497718	5.631308662603512e-8
0.005495408738576237	5.900081100115254e-8
0.0057543993733715545	6.182022110941782e-8
0.006025595860743562	6.477827004798244e-8
0.006309573444801917	6.7882350205747e-8
0.006606934480075944	7.114033074506129e-8
0.006918309709189349	7.456059939917847e-8
0.007244359600749877	7.815210918308742e-8
0.0075857757502918125	8.192443070624061e-8
0.00794328234724279	8.588781088129667e-8
0.008317637711026683	9.005323894584941e-8
0.008709635899560779	9.44325208572211e-8
0.009120108393559059	9.90383632873408e-8
0.00954992586021432	1.0388446863976884e-7
0.009999999999999959	1.0898564273915641e-7
0.010471285480508952	1.1435791711095066e-7
0.0109647819614318	1.2001868808327858e-7
0.011481536214968776	1.259868753124964e-7
0.01202264434617407	1.3228310276949848e-7
0.01258925411794161	1.3892990573843413e-7
0.013182567385564007	1.4595196798860378e-7
0.013803842646028774	1.5337639400304364e-7
0.014454397707459198	1.6123302200690522e-7
0.015135612484361995	1.6955478456366945e-7
0.015848931924611044	1.7837812473250494e-7
0.016595869074375512	1.877434772488132e-7
0.017378008287493647	1.976958259555553e-7
0.01819700858609972	2.0828535084148868e-7
0.019054607179632345	2.195681806163439e-7
0.019952623149688667	2.316072698751163e-7
0.020892961308540257	2.4447342370294004e-7
0.021877616239495374	2.582464972105869e-7
0.02290867652767757	2.730168031730227e-7
0.023988329190194727	2.8888676792874543e-7
0.025118864315095617	3.0597288431506953e-7
0.026302679918953627	3.2440802108416405e-7
0.02754228703338145	3.443441615044265e-7
0.028840315031265835	3.6595566039318937e-7
0.030199517204019914	3.8944312954234905e-7
0.031622776601683535	4.150380875449969e-7
0.03311311214825884	4.4300854291376157e-7
0.03467368504525287	4.736657210678584e-7
0.036307805477009826	5.073721988385116e-7
0.03801893963205578	5.445517780076791e-7
0.039810717055349366	5.857015165658749e-7
0.041686938347033166	6.314064488597923e-7
0.04365158322401619	6.823576716387727e-7
0.045708818961487076	7.39374663012632e-7
0.04786300923226336	8.034329501192642e-7
0.050118723362726735	8.756985687385734e-7
0.052480746024976745	9.575711913413144e-7
0.05495408738576189	1.05073837647195e-6
0.057543993733715104	1.15724416358511e-6
0.06025595860743513	1.279576275365333e-6
0.06309573444801865	1.4207775948239255e-6
0.0660693448007589	1.5845894989845477e-6
0.06918309709189288	1.775637256117909e-6
0.07244359600749821	1.999671317041726e-6
0.07585775750291751	2.2638833671666016e-6
0.07943282347242724	2.577323055334927e-6
0.08317637711026615	2.9514512556046912e-6
0.08709635899560703	3.4008798413050525e-6
0.0912010839355899	3.944368175693554e-6
0.09549925860214242	4.606175723279196e-6
0.09999999999999877	5.417912699441346e-6
0.10471285480508864	6.421093116145088e-6
0.1096478196143171	7.670687120349044e-6
0.11481536214968682	9.240107957377736e-6
0.12022644346173975	1.1228278006036957e-5
0.12589254117941506	1.3769737402547957e-5
0.13182567385563895	1.7049250714496434e-5
0.1380384264602866	2.1323133853031688e-5
0.1445439770745908	2.695073188614364e-5
0.15135612484361874	3.444140545366766e-5
0.15848931924610915	4.4525493708695384e-5
0.16595869074375377	5.826280498412776e-5
0.17378008287493515	7.721060337505249e-5
0.18197008586099583	1.0368718652209922e-4
0.1905460717963221	1.4119119698412542e-4
0.19952623149688523	1.9507834600751984e-4
0.2089296130854011	2.7367007448331047e-4
0.2187761623949523	3.900984710431578e-4
0.22908676527677418	5.654268747622658e-4
0.2398832919019458	8.340188233204157e-4
0.2511886431509546	0.0012529407090332164
0.26302679918953464	0.0019187366621276553
0.27542287033381296	0.002997940478383662
0.28840315031265673	0.004783706318210047
0.3019951720401976	0.007803157107850447
0.3162277660168337	0.01302540645108428
