0.0031622776601683794	1.6901933906438278e-13
0.003311311214825911	1.7702182799579093e-13
0.0034673685045253167	1.8540692804420126e-13
0.00363078054770101	1.9419348227585014e-13
0.003801893963205609	2.0340134235170935e-13
0.003981071705534969	2.1305143401721975e-13
0.004168693834703351	2.2316582836373868e-13
0.004365158322401657	2.3376781953803703e-13
0.004570881896148743	2.448820096696421e-13
0.004786300923226376	2.5653440189326116e-13
0.005011872336272715	2.6875250246709735e-13
0.005248074602497718	2.8156543313017575e-13
0.005495408738576237	2.9500405500576276e-13
0.0057543993733715545	3.091011055470892e-13
0.006025595860743562	3.2389135023991223e-13
0.006309573444801917	3.3941175102873507e-13
0.006606934480075944	3.557016537253065e-13
0.006918309709189349	3.728029969958924e-13
0.007244359600749877	3.907605459154371e-13
0.0075857757502918125	4.096221535312031e-13
0.00794328234724279	4.2943905440648336e-13
0.008317637711026683	4.50266194729247e-13
0.008709635899560779	4.721626042861056e-13
0.009120108393559059	4.95191816436704e-13
0.00954992586021432	5.194223431988442e-13
0.009999999999999959	5.449282136957821e-13
0.010471285480508952	5.717895855547534e-13
0.0109647819614318	6.000934404163929e-13
0.011481536214968776	6.29934376562482e-13
0.01202264434617407	6.614155138474923e-13
0.01258925411794161	6.946495286921707e-13
0.013182567385564007	7.29759839943019e-13
0.013803842646028774	7.668819700152181e-13
0.014454397707459198	8.061651100345262e-13
0.015135612484361995	8.477739228183475e-13
0.015848931924611044	8.918906236625249e-13
0.016595869074375512	9.387173862440662e-13
0.017378008287493647	9.884791297777766e-13
0.01819700858609972	1.0414267542074434e-12
0.019054607179632345	1.0978409030817195e-12
0.019952623149688667	1.1580363493755815e-12
0.020892961308540257	1.2223671185147002e-12
0.021877616239495374	1.2912324860529347e-12
0.02290867652767757	1.3650840158651139e-12
0.023988329190194727	1.4444338396437275e-12
0.025118864315095617	1.5298644215753477e-12
0.026302679918953627	1.6220401054208202e-12
0.02754228703338145	1.721720807522133e-12
0.028840315031265835	1.829778301965947e-12
0.030199517204019914	1.9472156477117456e-12
0.031622776601683535	2.075190437724985e-12
0.03311311214825884	2.2150427145688076e-12
0.03467368504525287	2.3683286053392924e-12
0.036307805477009826	2.536860994192559e-12
0.03801893963205578	2.7227588900383953e-12
0.039810717055349366	2.9285075828293754e-12
0.041686938347033166	3.1570322442989626e-12
0.04365158322401619	3.4117883581938643e-12
0.045708818961487076	3.6968733150631606e-12
0.04786300923226336	4.0171647505963214e-12
0.050118723362726735	4.378492843692868e-12
0.052480746024976745	4.787855956706573e-12
0.05495408738576189	5.253691882359752e-12
0.057543993733715104	5.7862208179255496e-12
0.06025595860743513	6.397881376826665e-12
0.06309573444801865	7.103887974119629e-12
0.0660693448007589	7.922947494922743e-12
0.06918309709189288	8.878186280589545e-12
0.07244359600749821	9.998356585208632e-12
0.07585775750291751	1.1319416835833009e-11
0.07943282347242724	1.2886615276674636e-11
0.08317637711026615	1.4757256278023458e-11
0.08709635899560703	1.7004399206525265e-11
0.0912010839355899	1.972184087846777e-11
0.09549925860214242	2.3030878616395977e-11
0.09999999999999877	2.7089563497206737e-11
0.10471285480508864	3.210546558072544e-11
0.1096478196143171	3.835343560174523e-11
0.11481536214968682	4.6200539786888684e-11
0.12022644346173975	5.6141390030184784e-11
0.12589254117941506	6.884868701273977e-11
0.13182567385563895	8.524625357248216e-11
0.1380384264602866	1.0661566926515846e-10
0.1445439770745908	1.3475365943071824e-10
0.15135612484361874	1.722070272683383e-10
0.15848931924610915	2.226274685434769e-10
0.16595869074375377	2.9131402492063873e-10
0.17378008287493515	3.8605301687526246e-10
0.18197008586099583	5.184359326104962e-10
0.1905460717963221	7.059559849206271e-10
0.19952623149688523	9.753917300375994e-10
0.2089296130854011	1.3683503724165523e-9
0.2187761623949523	1.950492355215789e-9
0.22908676527677418	2.827134373811329e-9
0.2398832919019458	4.170094116602079e-9
0.2511886431509546	6.264703545166083e-9
0.26302679918953464	9.593683310638277e-9
0.27542287033381296	1.4989702391918308e-8
0.28840315031265673	2.3918531591050237e-8
0.3019951720401976	3.901578553925224e-8
0.3162277660168337	6.51270322554214e-8
