0.0031622776601683794	4.8006250810211506e-12
0.003981071705534973	5.137635333931407e-12
0.005011872336272725	7.227056035448853e-12
0.00630957344480193	8.907374179145014e-12
0.007943282347242814	1.0291671366964519e-11
0.01	1.4006923986668702e-11
0.012589254117941675	1.886380826669056e-11
0.015848931924611134	2.2238372479041172e-11
0.0199526231496888	3.1728055239693326e-11
0.025118864315095794	3.9956419864800785e-11
0.03162277660168379	4.7508575319870656e-11
0.039810717055349734	7.94307155194613e-11
0.05011872336272722	1.2040522346342167e-10
0.06309573444801933	1.8225699342227892e-10
0.07943282347242814	2.9936457593543095e-10
0.1	4.1692378041588065e-5
0.12589254117941673	0.00996346086617301
0.15848931924611134	0.03320723011159417
0.19952623149688797	0.040544575211385554
0.251188643150958	0.04015756601113801
0.31622776601683794	0.04053013204667705
