0.0031622776601683794	4.192362502151046e-12
0.003981071705534973	5.409855721791222e-12
0.005011872336272725	6.5594789401176684e-12
0.00630957344480193	8.780460561434323e-12
0.007943282347242814	1.0682139061171797e-11
0.01	1.357135849064149e-11
0.012589254117941675	1.736411979750814e-11
0.015848931924611134	2.199469949317549e-11
0.0199526231496888	2.9582110080676443e-11
0.025118864315095794	4.0583043372631795e-11
0.03162277660168379	5.313692667540338e-11
0.039810717055349734	7.697511892748827e-11
0.05011872336272722	1.132116074665757e-10
0.06309573444801933	1.8212488113893918e-10
0.07943282347242814	3.3197901462963017e-10
0.1	6.112847102264606e-5
0.12589254117941673	0.011788549230478083
0.15848931924611134	0.036622456793553096
0.19952623149688797	0.03995540385484642
0.251188643150958	0.0407846864462477
0.31622776601683794	0.0409148725950135
