0.0031622776601683794	2.705491899297351e-10
0.003311311214825911	2.8337070969294806e-10
0.0034673685045253167	2.968070103248444e-10
0.00363078054770101	3.1088862764182403e-10
0.003801893963205609	3.256477688592115e-10
0.003981071705534969	3.4111842599982e-10
0.004168693834703351	3.5733649983697025e-10
0.004365158322401657	3.7433993565233525e-10
0.004570881896148743	3.92168872269391e-10
0.004786300923226376	4.1086580603093523e-10
0.005011872336272715	4.304757716284786e-10
0.005248074602497718	4.510465419673703e-10
0.005495408738576237	4.726288495701796e-10
0.0057543993733715545	4.952766323891083e-10
0.006025595860743562	5.190473073241293e-10
0.006309573444801917	5.440020752367109e-10
0.006606934480075944	5.702062618206347e-10
0.006918309709189349	5.977296993547639e-10
0.007244359600749877	6.266471551333423e-10
0.0075857757502918125	6.570388132660114e-10
0.00794328234724279	6.889908175841648e-10
0.008317637711026683	7.225958846086831e-10
0.008709635899560779	7.579539969575509e-10
0.009120108393559059	7.951731892375893e-10
0.00954992586021432	8.343704404170003e-10
0.009999999999999959	8.756726889680676e-10
0.010471285480508952	9.192179897665489e-10
0.0109647819614318	9.651568349136242e-10
0.011481536214968776	1.0136536644017708e-9
0.01202264434617407	1.0648885969917608e-9
0.01258925411794161	1.1190594169430312e-9
0.013182567385564007	1.1763838585136493e-9
0.013803842646028774	1.2371022376269616e-9
0.014454397707459198	1.3014804890450548e-9
0.015135612484361995	1.3698136781094031e-9
0.015848931924611044	1.4424300689957999e-9
0.016595869074375512	1.5196958469669824e-9
0.017378008287493647	1.6020206108936084e-9
0.01819700858609972	1.6898637751033334e-9
0.019054607179632345	1.7837420473497945e-9
0.019952623149688667	1.88423818355176e-9
0.020892961308540257	1.9920112614307675e-9
0.021877616239495374	2.1078087661645063e-9
0.02290867652767757	2.2324808440766142e-9
0.023988329190194727	2.3669971582679673e-9
0.025118864315095617	2.512466876886965e-9
0.026302679918953627	2.670162445485007e-9
0.02754228703338145	2.8415479461245332e-9
0.028840315031265835	3.028313036044901e-9
0.030199517204019914	3.232413698735905e-9
0.031622776601683535	3.4561213445836857e-9
0.03311311214825884	3.7020821856956657e-9
0.03467368504525287	3.973389304948422e-9
0.036307805477009826	4.273670475684607e-9
0.03801893963205578	4.607195609681097e-9
0.039810717055349366	4.979008775717693e-9
0.041686938347033166	5.395091118234523e-9
0.04365158322401619	5.862562821904478e-9
0.045708818961487076	6.389934658545851e-9
0.04786300923226336	6.987422815986605e-9
0.050118723362726735	7.667344916949549e-9
0.052480746024976745	8.444620766913969e-9
0.05495408738576189	9.33740894809671e-9
0.057543993733715104	1.0367920637257414e-8
0.06025595860743513	1.1563466004173467e-8
0.06309573444801865	1.2957807715908203e-8
0.0660693448007589	1.4592922530941303e-8
0.06918309709189288	1.65213087416797e-8
0.07244359600749821	1.8809028699930954e-8
0.07585775750291751	2.1539748246360034e-8
0.07943282347242724	2.4820138000047934e-8
0.08317637711026615	2.8787149161608708e-8
0.08709635899560703	3.3617889725580617e-8
0.0912010839355899	3.95431374770356e-8
0.09549925860214242	4.6865982163409105e-8
0.09999999999999877	5.598776508411685e-8
0.10471285480508864	6.744449542477425e-8
0.1096478196143171	8.195845000293839e-8
0.11481536214968682	1.0051199360079144e-7
0.12022644346173975	1.24454250358581e-7
0.12589254117941506	1.5565685726935562e-7
0.13182567385563895	1.9674385842114054e-7
0.1380384264602866	2.514348756413957e-7
0.1445439770745908	3.250634121816582e-7
0.15135612484361874	4.2536928205834765e-7
0.15848931924610915	5.637256505364803e-7
0.16595869074375377	7.57064385066756e-7
0.17378008287493515	1.0309391135038748e-6
0.18197008586099583	1.4244688806774737e-6
0.1905460717963221	1.9984375819435757e-6
0.19952623149688523	2.8487728128917887e-6
0.2089296130854011	4.129345873350481e-6
0.2187761623949523	6.091200768892034e-6
0.22908676527677418	9.151259652307724e-6
0.2398832919019458	1.4014903954135325e-5
0.2511886431509546	2.1898950489064564e-5
0.26302679918953464	3.4945523658488396e-5
0.27542287033381296	5.700663450696967e-5
0.28840315031265673	9.516465194771393e-5
0.3019951720401976	1.6274752599430535e-4
0.3162277660168337	2.8545384958515214e-4
