0.0031622776601683794	1.3521547125150623e-9
0.003311311214825911	1.4161746239663273e-9
0.0034673685045253167	1.4832554243536101e-9
0.00363078054770101	1.5535478582068011e-9
0.003801893963205609	1.6272107388136747e-9
0.003981071705534969	1.7044114721377578e-9
0.004168693834703351	1.7853266269099094e-9
0.004365158322401657	1.870142556304296e-9
0.004570881896148743	1.9590560773571372e-9
0.004786300923226376	2.0522752151460894e-9
0.005011872336272715	2.150020019736779e-9
0.005248074602497718	2.2525234650414058e-9
0.005495408738576237	2.360032440046102e-9
0.0057543993733715545	2.4728088443767136e-9
0.006025595860743562	2.591130801919298e-9
0.006309573444801917	2.7152940082298806e-9
0.006606934480075944	2.845613229802452e-9
0.006918309709189349	2.9824239759671393e-9
0.007244359600749877	3.126084367323497e-9
0.0075857757502918125	3.276977228249625e-9
0.00794328234724279	3.435512435251867e-9
0.008317637711026683	3.602129557833976e-9
0.008709635899560779	3.7773008342888446e-9
0.009120108393559059	3.961534531493632e-9
0.00954992586021432	4.155378745590754e-9
0.009999999999999959	4.359425709566257e-9
0.010471285480508952	4.574316684438027e-9
0.0109647819614318	4.800747523331143e-9
0.011481536214968776	5.039475012499856e-9
0.01202264434617407	5.291324110779939e-9
0.01258925411794161	5.557196229537366e-9
0.013182567385564007	5.838078719544153e-9
0.013803842646028774	6.1350557601217455e-9
0.014454397707459198	6.449320880276209e-9
0.015135612484361995	6.78219138254678e-9
0.015848931924611044	7.135124989300199e-9
0.016595869074375512	7.509739089952529e-9
0.017378008287493647	7.907833038222213e-9
0.01819700858609972	8.331414033659547e-9
0.019054607179632345	8.782727224653757e-9
0.019952623149688667	9.264290795004652e-9
0.020892961308540257	9.778936948117602e-9
0.021877616239495374	1.0329859888423477e-8
0.02290867652767757	1.0920672126920911e-8
0.023988329190194727	1.155547071714982e-8
0.025118864315095617	1.2238915372602781e-8
0.026302679918953627	1.2976320843366563e-8
0.02754228703338145	1.377376646017706e-8
0.028840315031265835	1.4638226415727577e-8
0.030199517204019914	1.5577725181693968e-8
0.031622776601683535	1.660152350179988e-8
0.03311311214825884	1.7720341716550462e-8
0.03467368504525287	1.8946628842714338e-8
0.036307805477009826	2.029488795354047e-8
0.03801893963205578	2.1782071120307166e-8
0.039810717055349366	2.3428060662635002e-8
0.041686938347033166	2.5256257954391697e-8
0.04365158322401619	2.7294306865550908e-8
0.045708818961487076	2.9574986520505287e-8
0.04786300923226336	3.213731800477057e-8
0.050118723362726735	3.502794274954294e-8
0.052480746024976745	3.830284765365258e-8
0.05495408738576189	4.202953505887801e-8
0.057543993733715104	4.6289766543404396e-8
0.06025595860743513	5.1183051014613326e-8
0.06309573444801865	5.683110379295702e-8
0.0660693448007589	6.338357995938193e-8
0.06918309709189288	7.102549024471636e-8
0.07244359600749821	7.998685268166905e-8
0.07585775750291751	9.055533468666407e-8
0.07943282347242724	1.0309292221339709e-7
0.08317637711026615	1.1805805022418767e-7
0.08709635899560703	1.3603519365220213e-7
0.0912010839355899	1.5777472702774217e-7
0.09549925860214242	1.8424702893116782e-7
0.09999999999999877	2.1671650797765393e-7
0.10471285480508864	2.568437246458035e-7
0.1096478196143171	3.068274848139618e-7
0.11481536214968682	3.696043182951095e-7
0.12022644346173975	4.491311202414783e-7
0.12589254117941506	5.507894961019182e-7
0.13182567385563895	6.819700285798574e-7
0.1380384264602866	8.529253541212678e-7
0.1445439770745908	1.0780292754457459e-6
0.15135612484361874	1.3776562181467065e-6
0.15848931924610915	1.7810197483478153e-6
0.16595869074375377	2.3305121993651104e-6
0.17378008287493515	3.0884241350020997e-6
0.18197008586099583	4.147487460883969e-6
0.1905460717963221	5.647647879365017e-6
0.19952623149688523	7.803133840300794e-6
0.2089296130854011	1.094680297933242e-5
0.2187761623949523	1.560393884172631e-5
0.22908676527677418	2.2617074990490634e-5
0.2398832919019458	3.3360752932816625e-5
0.2511886431509546	5.0117628361328656e-5
0.26302679918953464	7.674946648510622e-5
0.27542287033381296	1.1991761913534648e-4
0.28840315031265673	1.9134825272840188e-4
0.3019951720401976	3.1212628431401794e-4
0.3162277660168337	5.210162580433712e-4
