0.0031622776601683794	3.578266390632896e-8
0.003981071705534973	5.341662973514048e-8
0.005011872336272725	4.438416240092784e-8
0.00630957344480193	6.541438315817867e-8
0.007943282347242814	9.358197432604454e-8
0.01	1.0738419134711836e-7
0.012589254117941675	1.337273811362397e-7
0.015848931924611134	1.6906626094976209e-7
0.0199526231496888	2.3429394028022435e-7
0.025118864315095794	3.556634973738531e-7
0.03162277660168379	4.3429890531505394e-4
0.039810717055349734	0.0016738440336344581
0.05011872336272722	0.0061079444063868015
0.06309573444801933	0.020427209991495873
0.07943282347242814	0.033074271953607924
0.1	0.03231331625970526
0.12589254117941673	0.04151722183633019
0.15848931924611134	0.03746457610464575
0.19952623149688797	0.03966659578477521
0.251188643150958	0.044442846573130745
0.31622776601683794	0.04202753244622045
