0.0031622776601683794	4.957389147205462e-10
0.003981071705534973	6.522815860147333e-10
0.005011872336272725	8.613743877110437e-10
0.00630957344480193	1.0756153064936352e-9
0.007943282347242814	1.3792308796244914e-9
0.01	1.6971664175962628e-9
0.012589254117941675	1.904343172781192e-9
0.015848931924611134	2.7472316193809256e-9
0.0199526231496888	3.6468978293967466e-9
0.025118864315095794	5.0494361286324635e-9
0.03162277660168379	6.240175655263664e-9
0.039810717055349734	7.995580448278052e-9
0.05011872336272722	1.2751573063611541e-8
0.06309573444801933	1.1126615747882291e-4
0.07943282347242814	0.005170123142560812
0.1	0.02453465552137177
0.12589254117941673	0.03805564596077278
0.15848931924611134	0.03930707141053547
0.19952623149688797	0.04020155354886328
0.251188643150958	0.03997109044798871
0.31622776601683794	0.03936926914130411
