1.5848931924611142e-4	8.113102566707626e-8
2.23872113856834e-4	1.2051863814955323e-7
3.1622776601683794e-4	1.7054695257922456e-7
4.4668359215096305e-4	2.4382973004416166e-7
6.30957344480193e-4	3.447290983835521e-7
8.912509381337459e-4	5.099853811627521e-7
0.0012589254117941675	6.873381465186877e-7
0.0017782794100389228	1.002551065041786e-6
0.0025118864315095794	1.369639127852871e-6
0.0035481338923357532	2.0322649431808847e-6
0.005011872336272725	2.642900803861601e-6
0.00707945784384138	3.99077946032681e-6
0.01	5.58160729142023e-6
0.01412537544622754	8.34547204692245e-6
0.0199526231496888	2.3745368540615218e-4
0.028183829312644536	0.0014363786635362796
0.039810717055349734	0.008101039362041512
0.05623413251903491	0.024982462971033608
0.07943282347242814	0.038388571151202804
0.11220184543019636	0.04627653945694006
0.15848931924611134	0.04527994373747819
0.22387211385683395	0.044544212099726574
0.31622776601683794	0.04388212459341931
