0.0031622776601683794	4.2371211628120505e-12
0.003981071705534973	5.587196181787517e-12
0.005011872336272725	7.022947961163937e-12
0.00630957344480193	8.559989580105952e-12
0.007943282347242814	1.0932936268258645e-11
0.01	1.3842231604676832e-11
0.012589254117941675	1.7938296864539634e-11
0.015848931924611134	2.1785697415922585e-11
0.0199526231496888	2.843468515631695e-11
0.025118864315095794	4.090785595451906e-11
0.03162277660168379	5.303507680278004e-11
0.039810717055349734	7.259544633020984e-11
0.05011872336272722	1.1019917105407913e-10
0.06309573444801933	1.8491642545359867e-10
0.07943282347242814	2.9378311937761e-10
0.1	5.070082307991844e-7
0.12589254117941673	0.010774046967083645
0.15848931924611134	0.03674501496049314
0.19952623149688797	0.03991421856905317
0.251188643150958	0.042032739775809194
0.31622776601683794	0.03962157636834434
