0.0031622776601683794	3.554819304626957e-8
0.003981071705534973	4.3048261254962936e-8
0.005011872336272725	5.665198036779787e-8
0.00630957344480193	7.091302215640139e-8
0.007943282347242814	9.286270654325313e-8
0.01	1.0944896748525883e-7
0.012589254117941675	1.4205570525819197e-7
0.015848931924611134	1.835699916634064e-7
0.0199526231496888	2.350865384721287e-7
0.025118864315095794	3.3083164532155456e-7
0.03162277660168379	4.116834362606938e-6
0.039810717055349734	6.859939779688243e-4
0.05011872336272722	0.006020736966160989
0.06309573444801933	0.01825629511765825
0.07943282347242814	0.029356728002386576
0.1	0.03672397875742235
0.12589254117941673	0.0386618434051593
0.15848931924611134	0.040515720786804224
0.19952623149688797	0.039420001205350476
0.251188643150958	0.03870429065104447
0.31622776601683794	0.03892773407792982
