0.0031622776601683794	5.191130118119397e-10
0.003981071705534973	6.816380463408163e-10
0.005011872336272725	8.38550146206769e-10
0.00630957344480193	1.0841942771429004e-9
0.007943282347242814	1.224874214831376e-9
0.01	1.6785119920430197e-9
0.012589254117941675	2.053322436834589e-9
0.015848931924611134	2.7915160981935574e-9
0.0199526231496888	3.748654037351673e-9
0.025118864315095794	4.8671375997158724e-9
0.03162277660168379	6.39855695780331e-9
0.039810717055349734	9.919448442898515e-9
0.05011872336272722	1.4399610445574938e-8
0.06309573444801933	9.669287574610949e-5
0.07943282347242814	0.007095051633159063
0.1	0.02582014245651513
0.12589254117941673	0.03648581479824226
0.15848931924611134	0.03884789184608917
0.19952623149688797	0.037150396105874124
0.251188643150958	0.039969572091003665
0.31622776601683794	0.03930972406136749
