0.0031622776601683794	4.185863292960173e-12
0.003981071705534973	5.215793358936821e-12
0.005011872336272725	6.3679767728028845e-12
0.00630957344480193	8.886726049685135e-12
0.007943282347242814	1.1102098464774726e-11
0.01	1.3499774403360128e-11
0.012589254117941675	1.819536565437602e-11
0.015848931924611134	2.1569742219161192e-11
0.0199526231496888	3.1626286557643765e-11
0.025118864315095794	3.667264413263557e-11
0.03162277660168379	5.121655295644439e-11
0.039810717055349734	6.964366121816178e-11
0.05011872336272722	1.1741038441102545e-10
0.06309573444801933	1.7509368747462249e-10
0.07943282347242814	3.2486229303317315e-10
0.1	0.0014161578398552723
0.12589254117941673	0.01812073384513755
0.15848931924611134	0.033694095036400036
0.19952623149688797	0.03692779464926282
0.251188643150958	0.0348874206971509
0.31622776601683794	0.03488266792793002
