0.0031622776601683794	4.3257393303682436e-12
0.003981071705534973	5.0108208121525824e-12
0.005011872336272725	6.710702401797069e-12
0.00630957344480193	8.97979251321778e-12
0.007943282347242814	1.096324041093819e-11
0.01	1.4587177662689276e-11
0.012589254117941675	1.7611694852290197e-11
0.015848931924611134	2.3942799479639502e-11
0.0199526231496888	2.954059720279631e-11
0.025118864315095794	3.8557335985791384e-11
0.03162277660168379	5.3876378947546024e-11
0.039810717055349734	7.305384430144003e-11
0.05011872336272722	1.0652722906409049e-10
0.06309573444801933	1.756179715101766e-10
0.07943282347242814	2.873584148513715e-10
0.1	4.822446047158534e-5
0.12589254117941673	0.013001944151482045
0.15848931924611134	0.03725118859363323
0.19952623149688797	0.040830579873388104
0.251188643150958	0.039632765206296224
0.31622776601683794	0.037425754811841176
