0.0031622776601683794	5.384802551725513e-10
0.003981071705534973	6.823220307287313e-10
0.005011872336272725	8.720194966054276e-10
0.00630957344480193	1.0772784892936714e-9
0.007943282347242814	1.3521636435625671e-9
0.01	1.7354273482059262e-9
0.012589254117941675	2.0354057573378543e-9
0.015848931924611134	2.8106404161380558e-9
0.0199526231496888	3.6793613684563086e-9
0.025118864315095794	4.568012407938558e-9
0.03162277660168379	6.671303617678325e-9
0.039810717055349734	9.45597366591453e-9
0.05011872336272722	1.3728975904039393e-8
0.06309573444801933	9.986971092006619e-5
0.07943282347242814	0.00481289340696327
0.1	0.02282776133313775
0.12589254117941673	0.03519565796642012
0.15848931924611134	0.03962758219826864
0.19952623149688797	0.03786545114581903
0.251188643150958	0.04079232997190333
0.31622776601683794	0.0392604584375468
