0.0031622776601683794	4.393448214765252e-12
0.003981071705534973	4.979478120155518e-12
0.005011872336272725	6.770690410687158e-12
0.00630957344480193	8.571858908283504e-12
0.007943282347242814	1.1073092103901877e-11
0.01	1.340943698706588e-11
0.012589254117941675	1.770281188834333e-11
0.015848931924611134	2.385733221473308e-11
0.0199526231496888	2.7851839099802567e-11
0.025118864315095794	3.86854579189665e-11
0.03162277660168379	5.1781789396420576e-11
0.039810717055349734	7.376479537079362e-11
0.05011872336272722	1.0991351614157594e-10
0.06309573444801933	1.7178479173084298e-10
0.07943282347242814	3.101709536002584e-10
0.1	1.1425175066312777e-4
0.12589254117941673	0.010491865864214427
0.15848931924611134	0.038178944907592036
0.19952623149688797	0.03990276587021559
0.251188643150958	0.03923068993842127
0.31622776601683794	0.0401672795455896
