0.0031622776601683794	4.0258973816643266e-12
0.003981071705534973	5.324217133356372e-12
0.005011872336272725	6.596875982420857e-12
0.00630957344480193	8.343860469583832e-12
0.007943282347242814	1.0791404046178529e-11
0.01	1.4411158033790405e-11
0.012589254117941675	1.6235819939415454e-11
0.015848931924611134	2.021085785984586e-11
0.0199526231496888	2.638092558298407e-11
0.025118864315095794	3.75180158043848e-11
0.03162277660168379	5.754377851569268e-11
0.039810717055349734	7.746229616202588e-11
0.05011872336272722	1.1006056421296359e-10
0.06309573444801933	1.860257114538314e-10
0.07943282347242814	3.1622871874045936e-10
0.1	7.18773817223371e-10
0.12589254117941673	0.013259955093513211
0.15848931924611134	0.03567645873070003
0.19952623149688797	0.039996768206090404
0.251188643150958	0.04028056267047806
0.31622776601683794	0.04054435732345301
