0.0031622776601683794	3.631308989679054e-8
0.003981071705534973	4.2941714259087774e-8
0.005011872336272725	5.860799481101186e-8
0.00630957344480193	6.930278549861534e-8
0.007943282347242814	9.173242647753644e-8
0.01	1.1517736661709916e-7
0.012589254117941675	1.459765485928297e-7
0.015848931924611134	1.7282757513154137e-7
0.0199526231496888	2.498504108922363e-7
0.025118864315095794	3.192955855065005e-7
0.03162277660168379	7.687862919770284e-5
0.039810717055349734	0.001364555693315286
0.05011872336272722	0.008199428356383792
0.06309573444801933	0.018241513790961297
0.07943282347242814	0.030796476577388883
0.1	0.036929670478568655
0.12589254117941673	0.038345223788480105
0.15848931924611134	0.038300655306116795
0.19952623149688797	0.03801027396439795
0.251188643150958	0.0405367372215455
0.31622776601683794	0.038767228563970406
