0.0031622776601683794	0.04573970854562414
0.003981071705534973	0.04574839201462281
0.005011872336272725	0.045771423245696295
0.00630957344480193	0.04569149109982018
0.007943282347242814	0.04572895806533232
0.01	0.04575665804884959
0.012589254117941675	0.04573511672913134
0.015848931924611134	0.04573991085855982
0.0199526231496888	0.04573346650010702
0.025118864315095794	0.045727833168968
0.03162277660168379	0.045692313149121346
0.039810717055349734	0.04570744632692219
0.05011872336272722	0.04573070501155082
0.06309573444801933	0.045746929999758254
0.07943282347242814	0.04575716701708957
0.1	0.04564023366973677
0.12589254117941673	0.04572347127709338
0.15848931924611134	0.0457335879404416
0.19952623149688797	0.04572830520012982
0.251188643150958	0.04579557289129785
0.31622776601683794	0.04576368044177388
