0.0031622776601683794	5.146949878118551e-10
0.003981071705534973	6.917263616377598e-10
0.005011872336272725	8.640218723726441e-10
0.00630957344480193	1.095150863690093e-9
0.007943282347242814	1.1799810021253705e-9
0.01	1.7170797969987126e-9
0.012589254117941675	2.2271733343551812e-9
0.015848931924611134	2.812028935603128e-9
0.0199526231496888	3.752095251056489e-9
0.025118864315095794	4.677078999678652e-9
0.03162277660168379	6.284306430792176e-9
0.039810717055349734	9.175874713147967e-9
0.05011872336272722	1.4040284553008321e-8
0.06309573444801933	6.975513058164151e-5
0.07943282347242814	0.0052427778773248895
0.1	0.02546612715114593
0.12589254117941673	0.035436418539325394
0.15848931924611134	0.04119811419604581
0.19952623149688797	0.039024238937519704
0.251188643150958	0.03719823471242437
0.31622776601683794	0.04136900348904044
