0.0031622776601683794	4.2185838757966115e-12
0.003981071705534973	5.378652002727692e-12
0.005011872336272725	6.755144933574567e-12
0.00630957344480193	8.965824185419815e-12
0.007943282347242814	1.0461917507591525e-11
0.01	1.3353374213545873e-11
0.012589254117941675	1.6579922786590594e-11
0.015848931924611134	2.1346255823982366e-11
0.0199526231496888	2.9831780751086473e-11
0.025118864315095794	3.979353165255277e-11
0.03162277660168379	5.0537431848983915e-11
0.039810717055349734	7.361850184555032e-11
0.05011872336272722	1.1314409634397742e-10
0.06309573444801933	1.7824046461062954e-10
0.07943282347242814	3.216801480168871e-10
0.1	2.6135285148466583e-4
0.12589254117941673	0.013867521728057509
0.15848931924611134	0.03753879580953235
0.19952623149688797	0.039808176752976876
0.251188643150958	0.039137284256677105
0.31622776601683794	0.03927461520548367
