0.0031622776601683794	5.19328407498133e-10
0.003981071705534973	6.925577166489019e-10
0.005011872336272725	9.108532032553827e-10
0.00630957344480193	1.0939875651775773e-9
0.007943282347242814	1.3489313858087155e-9
0.01	1.603121896751295e-9
0.012589254117941675	2.053926370064353e-9
0.015848931924611134	2.8245030837288363e-9
0.0199526231496888	3.2710627729965695e-9
0.025118864315095794	4.997155949562777e-9
0.03162277660168379	6.967298309443341e-9
0.039810717055349734	8.653953440402738e-9
0.05011872336272722	1.4340092564794422e-8
0.06309573444801933	1.739385702631946e-4
0.07943282347242814	0.00563931918834361
0.1	0.022950769722324585
0.12589254117941673	0.035811237476773505
0.15848931924611134	0.0398824326650925
0.19952623149688797	0.038540605305228126
0.251188643150958	0.03871048547854079
0.31622776601683794	0.03837596761216743
