0.0031622776601683794	4.158894938893299e-12
0.003981071705534973	5.0430226429928e-12
0.005011872336272725	6.723047884270769e-12
0.00630957344480193	8.576635710182395e-12
0.007943282347242814	1.000111428296369e-11
0.01	1.423532207617191e-11
0.012589254117941675	1.816750578208854e-11
0.015848931924611134	2.3032592044457763e-11
0.0199526231496888	2.8352478019929653e-11
0.025118864315095794	3.636276323529453e-11
0.03162277660168379	5.425797976753925e-11
0.039810717055349734	7.081898709275242e-11
0.05011872336272722	1.1698865962306083e-10
0.06309573444801933	2.0340313087727087e-10
0.07943282347242814	3.513906483504039e-10
0.1	7.036174331429992e-10
0.12589254117941673	0.01158158310305747
0.15848931924611134	0.03584832865485819
0.19952623149688797	0.0378298456549754
0.251188643150958	0.04040827250924159
0.31622776601683794	0.03913261006656631
