0.0031622776601683794	3.578480042122062e-8
0.003981071705534973	4.621283889731345e-8
0.005011872336272725	6.000571737290453e-8
0.00630957344480193	7.03874871654172e-8
0.007943282347242814	8.718172648427563e-8
0.01	4.5795454881811097e-5
0.012589254117941675	1.3979258287068137e-7
0.015848931924611134	1.841721928002573e-7
0.0199526231496888	1.9667424112492955e-4
0.025118864315095794	0.0010440932318199903
0.03162277660168379	0.0025774567985540507
0.039810717055349734	0.008812919390314044
0.05011872336272722	0.016291168593372617
0.06309573444801933	0.023552748780086487
0.07943282347242814	0.028629289317019517
0.1	0.03352714384983125
0.12589254117941673	0.034773790423410035
0.15848931924611134	0.03409886481136072
0.19952623149688797	0.03500209379825869
0.251188643150958	0.03340879844760322
0.31622776601683794	0.0359293909107875
