0.0031622776601683794	3.4455911088135144e-8
0.003981071705534973	4.191239314262052e-8
0.005011872336272725	5.134117791314745e-8
0.00630957344480193	7.750314274153715e-8
0.007943282347242814	9.354956313118892e-8
0.01	1.2327005069178495e-7
0.012589254117941675	1.3826107155896513e-7
0.015848931924611134	1.8749820181474015e-7
0.0199526231496888	2.4859322064061145e-7
0.025118864315095794	2.9894175017295206e-7
0.03162277660168379	5.9287324530069095e-5
0.039810717055349734	0.0018048758274609364
0.05011872336272722	0.005992260916374981
0.06309573444801933	0.018435377697110098
0.07943282347242814	0.030105191250497383
0.1	0.034935755344853166
0.12589254117941673	0.03824657612332877
0.15848931924611134	0.039763873773853264
0.19952623149688797	0.040526636431775426
0.251188643150958	0.03855482391896722
0.31622776601683794	0.04013777843271579
