0.0031622776601683794	3.554819258182904e-8
0.003981071705534973	4.30482617733449e-8
0.005011872336272725	5.6651980851189434e-8
0.00630957344480193	7.091302261003247e-8
0.007943282347242814	9.286270584191601e-8
0.01	1.0944896704970572e-7
0.012589254117941675	1.4205570696054132e-7
0.015848931924611134	1.8356999200124918e-7
0.0199526231496888	2.2774462377832754e-5
0.025118864315095794	6.92137196344906e-5
0.03162277660168379	6.305156786794954e-4
0.039810717055349734	0.004623747431649405
0.05011872336272722	0.012436341515084846
0.06309573444801933	0.024886891649301798
0.07943282347242814	0.03205197437380019
0.1	0.038084887331027904
0.12589254117941673	0.039150001586808064
0.15848931924611134	0.039472679011749216
0.19952623149688797	0.040466702320021745
0.251188643150958	0.03926963515191648
0.31622776601683794	0.03825829617757573
