0.0031622776601683794	0.0038065166751770057
0.003981071705534973	0.003864779823268941
0.005011872336272725	0.003994186343749475
0.00630957344480193	0.003999580341474433
0.007943282347242814	0.0041191112920550685
0.01	0.004011002843129563
0.012589254117941675	0.003760780566860672
0.015848931924611134	0.0037811050891872755
0.0199526231496888	0.003913775364260381
0.025118864315095794	0.003910499125576094
0.03162277660168379	0.004126773407557975
0.039810717055349734	0.003991468811685092
0.05011872336272722	0.004644902618820289
0.06309573444801933	0.010280211256774882
0.07943282347242814	0.025440933643638468
0.1	0.03664662207949628
0.12589254117941673	0.04520904889137264
0.15848931924611134	0.04589361743247502
0.19952623149688797	0.04534669912065128
0.251188643150958	0.04733020118944165
0.31622776601683794	0.0474551160352506
