0.0031622776601683794	3.445591067758866e-8
0.003981071705534973	4.1912393172023585e-8
0.005011872336272725	5.134117858818029e-8
0.00630957344480193	7.750314313395472e-8
0.007943282347242814	9.35495619507463e-8
0.01	1.232700507913827e-7
0.012589254117941675	1.3826107211883456e-7
0.015848931924611134	1.8749820289797038e-7
0.0199526231496888	2.485932193101606e-7
0.025118864315095794	1.462812408491642e-5
0.03162277660168379	4.052181811868291e-4
0.039810717055349734	0.003213935287923639
0.05011872336272722	0.009329446467370574
0.06309573444801933	0.021217600765528827
0.07943282347242814	0.03035512909854849
0.1	0.035626202988372664
0.12589254117941673	0.038321588397349386
0.15848931924611134	0.03994001591348835
0.19952623149688797	0.040357818182333145
0.251188643150958	0.03926613240400405
0.31622776601683794	0.041577179583638116
