0.0031622776601683794	3.410100629328863e-8
0.003981071705534973	4.4504268684422016e-8
0.005011872336272725	5.783186782657021e-8
0.00630957344480193	7.05904908661321e-8
0.007943282347242814	9.310688347726491e-8
0.01	1.1102802487680446e-7
0.012589254117941675	1.4002424972498647e-7
0.015848931924611134	1.8419374770497493e-7
0.0199526231496888	2.3910977430623164e-7
0.025118864315095794	5.098658633407448e-6
0.03162277660168379	4.267354585941367e-4
0.039810717055349734	0.0029545411991724747
0.05011872336272722	0.01079710657686678
0.06309573444801933	0.021365534535770236
0.07943282347242814	0.031793748189399486
0.1	0.03798931050599207
0.12589254117941673	0.038597087223337115
0.15848931924611134	0.0403135459221989
0.19952623149688797	0.03908022090195206
0.251188643150958	0.03926179952305161
0.31622776601683794	0.039566590280291566
