0.0031622776601683794	4.132025079283966e-12
0.003981071705534973	5.5133934090871765e-12
0.005011872336272725	6.3793811713887884e-12
0.00630957344480193	8.132249771733429e-12
0.007943282347242814	1.158711785684796e-11
0.01	1.256357258273672e-11
0.012589254117941675	1.684652932586837e-11
0.015848931924611134	2.348694033323051e-11
0.0199526231496888	2.9391349317248314e-11
0.025118864315095794	3.813460456576871e-11
0.03162277660168379	5.1413604363738444e-11
0.039810717055349734	7.292273809905879e-11
0.05011872336272722	1.0276292578832357e-10
0.06309573444801933	1.866586222705296e-10
0.07943282347242814	3.1901623709728664e-10
0.1	1.5976872770791448e-4
0.12589254117941673	0.01661911476138236
0.15848931924611134	0.038903042851419795
0.19952623149688797	0.03970247092065309
0.251188643150958	0.03888746709546612
0.31622776601683794	0.04102920781059934
