0.0031622776601683794	3.350638012634692e-8
0.003981071705534973	4.26495244762822e-8
0.005011872336272725	5.4265036841431725e-8
0.00630957344480193	7.362382153208596e-8
0.007943282347242814	8.568188453769485e-8
0.01	1.1079712646711093e-7
0.012589254117941675	1.5042214213364127e-7
0.015848931924611134	1.8291976732781123e-7
0.0199526231496888	2.4611672637408714e-7
0.025118864315095794	3.0188214471408763e-7
0.03162277660168379	2.217876635146538e-4
0.039810717055349734	0.002082692544995781
0.05011872336272722	0.008196638022707804
0.06309573444801933	0.020357602471265373
0.07943282347242814	0.02954272174284899
0.1	0.03450721030954089
0.12589254117941673	0.03710477107587157
0.15848931924611134	0.03955771743836667
0.19952623149688797	0.03743575386798811
0.251188643150958	0.03941522412451309
0.31622776601683794	0.040406938940890036
