0.0031622776601683794	5.349872931438415e-10
0.003981071705534973	6.980450136802553e-10
0.005011872336272725	8.26227170792375e-10
0.00630957344480193	1.0992019041037355e-9
0.007943282347242814	1.3459147434787937e-9
0.01	1.5819964429524375e-9
0.012589254117941675	2.0795379144026047e-9
0.015848931924611134	2.820061728596594e-9
0.0199526231496888	3.4276442868515647e-9
0.025118864315095794	4.6541091073700964e-9
0.03162277660168379	6.114959735206049e-9
0.039810717055349734	9.628361781810728e-9
0.05011872336272722	6.148453269050836e-5
0.06309573444801933	9.97041695159022e-4
0.07943282347242814	0.012292168418833158
0.1	0.028916713018432853
0.12589254117941673	0.03922172674298993
0.15848931924611134	0.04333512445323782
0.19952623149688797	0.04101667046102607
0.251188643150958	0.04210069673161278
0.31622776601683794	0.04077921361716559
