0.0031622776601683794	0.002261104502771702
0.003981071705534973	0.0022700619160678183
0.005011872336272725	0.0023118567338992844
0.00630957344480193	0.0022795142899152765
0.007943282347242814	0.0022809673951751704
0.01	0.002304397729570118
0.012589254117941675	0.0022617208585522814
0.015848931924611134	0.002327021419057221
0.0199526231496888	0.0023343752284298806
0.025118864315095794	0.002289876937967524
0.03162277660168379	0.0023301542815117307
0.039810717055349734	0.002327751680979435
0.05011872336272722	0.0023086529810099395
0.06309573444801933	0.0023851980021932953
0.07943282347242814	0.0022694778051527893
0.1	0.002261813434228106
0.12589254117941673	0.002337693058243123
0.15848931924611134	0.0023371113721570138
0.19952623149688797	0.002251599221209821
0.251188643150958	0.002267395038972832
0.31622776601683794	0.0023916331505507526
