0.0031622776601683794	0.045782251470059765
0.003981071705534973	0.04550443087619147
0.005011872336272725	0.045623759342089225
0.00630957344480193	0.04565720210620252
0.007943282347242814	0.045613648157170644
0.01	0.045682878879593304
0.012589254117941675	0.04572580614466086
0.015848931924611134	0.04555970473062401
0.0199526231496888	0.045967315897829826
0.025118864315095794	0.045533718762823534
0.03162277660168379	0.045416302339981875
0.039810717055349734	0.04563286377524326
0.05011872336272722	0.04597211064615187
0.06309573444801933	0.04570896546127784
0.07943282347242814	0.04561627328634621
0.1	0.04560204733930292
0.12589254117941673	0.045565442973012196
0.15848931924611134	0.045714290392273864
0.19952623149688797	0.04573209058264804
0.251188643150958	0.04613960318091921
0.31622776601683794	0.04562103488197459
