0.001584893192461114	1.0688640911645302e-8
0.001995262314968879	1.5116075048619352e-8
0.0025118864315095794	2.226242049565075e-8
0.0031622776601683794	3.795863201922256e-8
0.003981071705534973	3.3547393671452896e-8
0.005011872336272725	4.6177241318177264e-8
0.00630957344480193	5.09901716354062e-8
0.007943282347242814	6.362383451690916e-8
0.01	8.311917085205081e-8
0.012589254117941675	1.1013648948247619e-7
0.015848931924611134	1.7495992954015138e-7
0.0199526231496888	0.03238982188713483
0.025118864315095794	0.11464216305359189
0.03162277660168379	0.11565091277502536
0.039810717055349734	0.11531657547698047
0.05011872336272722	0.11522138405173038
0.06309573444801933	0.11590752149847568
0.07943282347242814	0.11464214119489365
0.1	0.11602406365259224
0.12589254117941673	0.11582005324042254
0.15848931924611134	0.11636687371023413
0.19952623149688797	0.11565366613570804
0.251188643150958	0.11643391926834426
0.31622776601683794	0.11595939192795057
0.3981071705534972	0.11547217360596353
0.5011872336272722	0.11619813609153368
