0.0031622776601683794	6.562373471437666e-6
0.003981071705534973	1.100439643665602e-5
0.005011872336272725	3.422987681255716e-5
0.00630957344480193	3.1001216585497507e-4
0.007943282347242814	0.0019930389859113356
0.01	0.009843739772284043
0.012589254117941675	0.026597858695220553
0.015848931924611134	0.0538942065720965
0.0199526231496888	0.07548907845736555
0.025118864315095794	0.08930269334997358
0.03162277660168379	0.09576251070144337
0.039810717055349734	0.09836309462284182
0.05011872336272722	0.09847900456387909
0.06309573444801933	0.09866435523069281
0.07943282347242814	0.09854313851502577
0.1	0.09894259762418692
0.12589254117941673	0.09865716585102573
0.15848931924611134	0.09892199545908492
0.19952623149688797	0.09842108256257374
0.251188643150958	0.09839165792319897
0.31622776601683794	0.09819175420640466
