1.0e-6	4.3816561717519777e-17
1.584893192461114e-6	6.561901516027797e-17
2.5118864315095823e-6	1.0372188813947597e-16
3.981071705534969e-6	1.694016675457173e-16
6.30957344480193e-6	2.5803926761420096e-16
1.0e-5	4.635516017141145e-16
1.584893192461114e-5	6.629548401066575e-16
2.5118864315095822e-5	1.026773109625384e-15
3.9810717055349695e-5	1.6347945329134361e-15
6.309573444801929e-5	2.5300274562981312e-15
1.0e-4	4.158647091993854e-15
1.5848931924611142e-4	5.895293004112656e-15
2.5118864315095795e-4	1.0736024800242876e-14
3.9810717055349735e-4	1.6668923450745653e-14
6.30957344480193e-4	2.6456067397583047e-14
0.001	3.863405132319928e-14
0.001584893192461114	6.14719156774012e-14
0.0025118864315095794	1.198453272610114e-10
0.003981071705534973	4.210429563370768e-10
0.00630957344480193	9.979490392441949e-10
0.01	2.332246843102377e-9
0.015848931924611134	5.843778024172827e-9
0.025118864315095794	0.021801223347415757
0.039810717055349734	0.058284514574439165
0.06309573444801933	0.05846019448984976
0.1	0.05836135640860321
0.15848931924611134	0.058131681757391716
0.251188643150958	0.0581615437527338
