0.0031622776601683794	8.372946069357182e-7
0.003981071705534973	1.024804091239625e-6
0.005011872336272725	1.342224411025849e-6
0.00630957344480193	1.7174732402153636e-6
0.007943282347242814	2.147909211053654e-6
0.01	2.768646836204861e-6
0.012589254117941675	3.571201359440658e-6
0.015848931924611134	4.593251573146162e-6
0.0199526231496888	0.0119564191187821
0.025118864315095794	0.11411319843130158
0.03162277660168379	0.12082352337405365
0.039810717055349734	0.12062590040272839
0.05011872336272722	0.12049148750212511
0.06309573444801933	0.12040971291744776
0.07943282347242814	0.12034438300757193
0.1	0.12030867279382254
0.12589254117941673	0.12021884370009346
0.15848931924611134	0.12025561773917116
0.19952623149688797	0.12044032225615121
0.251188643150958	0.12017367051333537
0.31622776601683794	0.12030459055354487
