1.0e-6	1.0250371695302963e-15
1.584893192461114e-6	1.6128538656166714e-15
2.5118864315095823e-6	2.556750890816998e-15
3.981071705534969e-6	4.019392695009177e-15
6.30957344480193e-6	6.0849526453393174e-15
1.0e-5	9.09645875764285e-15
1.584893192461114e-5	1.63310564931956e-14
2.5118864315095822e-5	2.60564084892411e-14
3.9810717055349695e-5	4.324318566034022e-14
6.309573444801929e-5	6.818238287959968e-14
1.0e-4	9.978207200404998e-14
1.5848931924611142e-4	1.618046776212555e-13
2.5118864315095795e-4	2.691565445446053e-13
3.9810717055349735e-4	4.2842173144056456e-13
6.30957344480193e-4	6.335085885091773e-13
0.001	6.862682504133522e-10
0.001584893192461114	3.3904995340945734e-9
0.0025118864315095794	1.001533810464713e-8
0.003981071705534973	1.563295324725568e-8
0.00630957344480193	3.203463104206368e-8
0.01	7.442990729281206e-8
0.015848931924611134	2.086145261670617e-7
0.025118864315095794	0.013588222277351696
0.039810717055349734	0.05849580301740302
0.06309573444801933	0.05852344444841853
0.1	0.058240248907419565
0.15848931924611134	0.05843797063148105
0.251188643150958	0.05846899906509919
