0.0031622776601683794	1.1536596333126723e-5
0.003981071705534973	4.827915716713221e-6
0.005011872336272725	1.2632811463608832e-5
0.00630957344480193	6.161429130488389e-4
0.007943282347242814	0.0023164316302647743
0.01	0.013282913764359784
0.012589254117941675	0.027758100680147592
0.015848931924611134	0.05892855399518739
0.0199526231496888	0.0780051279979855
0.025118864315095794	0.09104270915279455
0.03162277660168379	0.09524613060405968
0.039810717055349734	0.0995678125014917
0.05011872336272722	0.09817345572024254
0.06309573444801933	0.09885746384814156
0.07943282347242814	0.09808395803743736
0.1	0.09624327337201287
0.12589254117941673	0.10062791627352809
0.15848931924611134	0.10068800944184259
0.19952623149688797	0.09939428792790617
0.251188643150958	0.09777140875475741
0.31622776601683794	0.09683210235005138
