1.5848931924611142e-4	1.4290953132246567e-14
2.23872113856834e-4	2.102138871174673e-14
3.1622776601683794e-4	2.8361070439074043e-14
4.4668359215096305e-4	4.348229194423731e-14
6.30957344480193e-4	6.006956378813231e-14
8.912509381337459e-4	9.374808919230435e-12
0.0012589254117941675	2.0513511937497923e-11
0.0017782794100389228	3.051967445556872e-11
0.0025118864315095794	1.8288068089925206e-10
0.0035481338923357532	5.330640272688743e-10
0.005011872336272725	9.39752716622622e-10
0.00707945784384138	2.1499715488654476e-9
0.01	4.151374400692183e-9
0.01412537544622754	9.406551440264597e-9
0.0199526231496888	1.8295620821500663e-8
0.028183829312644536	0.05147035311491634
0.039810717055349734	0.0582168233589841
0.05623413251903491	0.05823946647059835
0.07943282347242814	0.05824647697917218
0.11220184543019636	0.05822063118111409
0.15848931924611134	0.05827140801511879
0.22387211385683395	0.0582781407265142
0.31622776601683794	0.058348581669896184
