0.001584893192461114	3.5117457837260357e-7
0.001995262314968879	4.5566005893418225e-7
0.0025118864315095794	5.723178179258992e-7
0.0031622776601683794	6.941505266314856e-7
0.003981071705534973	8.883675747828938e-7
0.005011872336272725	1.1015186437161248e-6
0.00630957344480193	1.3727062732447165e-6
0.007943282347242814	1.720038471912975e-6
0.01	2.2364240024126574e-6
0.012589254117941675	2.976368168716366e-6
0.015848931924611134	4.029411095516482e-6
0.0199526231496888	5.875264872001306e-6
0.025118864315095794	4.024790217268586e-4
0.03162277660168379	0.03926307563422828
0.039810717055349734	0.06183586816217842
0.05011872336272722	0.06185876140951055
0.06309573444801933	0.061887107626850006
0.07943282347242814	0.061838646083809214
0.1	0.061795817793669904
0.12589254117941673	0.06174806824999918
0.15848931924611134	0.06175747351085624
0.19952623149688797	0.06177355386733575
0.251188643150958	0.06172346871046371
0.31622776601683794	0.061711917406441205
