1.0e-6	7.330080876003696e-11
1.584893192461114e-6	1.0663823808580799e-10
2.5118864315095823e-6	1.7590746045837358e-10
3.981071705534969e-6	2.86018170758894e-10
6.30957344480193e-6	4.2526021958091653e-10
1.0e-5	6.770249154497519e-10
1.584893192461114e-5	1.158197810690096e-9
2.5118864315095822e-5	1.6976325721870367e-9
3.9810717055349695e-5	2.844522768097274e-9
6.309573444801929e-5	4.81857606799885e-9
1.0e-4	7.266198628434752e-9
1.5848931924611142e-4	1.1315112627351108e-8
2.5118864315095795e-4	1.7550782645469582e-8
3.9810717055349735e-4	3.280802016143817e-7
6.30957344480193e-4	4.5044781331304685e-8
0.001	3.5756581203486303e-6
0.001584893192461114	7.772419525829042e-6
0.0025118864315095794	1.756095488623808e-5
0.003981071705534973	3.9813903713039914e-5
0.00630957344480193	7.884043997423902e-4
0.01	0.003519337511636523
0.015848931924611134	0.013835553778566299
0.025118864315095794	0.028590850177155687
0.039810717055349734	0.03649651483582752
0.06309573444801933	0.04097289124951335
0.1	0.03981714894442236
0.15848931924611134	0.040166752888296006
0.251188643150958	0.04027076575359789
