1.0e-6	3.1860640118716127e-12
1.584893192461114e-6	4.723700505843656e-12
2.5118864315095823e-6	7.066114700773275e-12
3.981071705534969e-6	1.2038319157529704e-11
6.30957344480193e-6	1.795752191661533e-11
1.0e-5	2.8317834091063114e-11
1.584893192461114e-5	4.337249287540329e-11
2.5118864315095822e-5	7.16308043861491e-11
3.9810717055349695e-5	1.190448625463433e-10
6.309573444801929e-5	1.8510689243614608e-10
1.0e-4	2.609914663050278e-10
1.5848931924611142e-4	4.3289628497905756e-10
2.5118864315095795e-4	7.447993435082173e-10
3.9810717055349735e-4	1.1114142084764722e-9
6.30957344480193e-4	1.865670943528129e-9
0.001	3.741362142404085e-8
0.001584893192461114	7.455650629222218e-8
0.0025118864315095794	5.241917708153328e-7
0.003981071705534973	2.491034418695486e-5
0.00630957344480193	0.001098905100357014
0.01	0.007504818948304323
0.015848931924611134	0.023028056242372624
0.025118864315095794	0.033845896983350825
0.039810717055349734	0.03831403102777482
0.06309573444801933	0.03861011011428392
0.1	0.03881215409746009
0.15848931924611134	0.03821936437822033
0.251188643150958	0.03880479203935777
