0.001584893192461114	4.171849468769991e-7
0.001995262314968879	5.484573107258382e-7
0.0025118864315095794	6.342373177273657e-7
0.0031622776601683794	8.658994977755732e-7
0.003981071705534973	1.0155434386463199e-6
0.005011872336272725	1.1449021695334793e-6
0.00630957344480193	1.3238560286724576e-6
0.007943282347242814	1.8428763682462725e-6
0.01	2.2502483338352155e-6
0.012589254117941675	3.4778771611807473e-6
0.015848931924611134	4.217169760144593e-6
0.0199526231496888	0.014566864168409743
0.025118864315095794	0.1147425275440839
0.03162277660168379	0.12117322734296064
0.039810717055349734	0.12109815051391758
0.05011872336272722	0.12055049924428313
0.06309573444801933	0.12040590654796594
0.07943282347242814	0.12029461859570058
0.1	0.12058126261936315
0.12589254117941673	0.11968904691360757
0.15848931924611134	0.12058354049391355
0.19952623149688797	0.12017643881681254
0.251188643150958	0.12088556450447435
0.31622776601683794	0.12077957934047705
0.3981071705534972	0.1207540815076423
0.5011872336272722	0.12082034064341085
