0.001584893192461114	1.0042629297265968e-13
0.001995262314968879	1.5288565504863644e-10
0.0025118864315095794	1.2615746310271055e-13
0.0031622776601683794	6.543076059394346e-10
0.003981071705534973	5.099445113476478e-10
0.005011872336272725	1.3180746264825205e-9
0.00630957344480193	8.285283417127034e-10
0.007943282347242814	1.3146130287398424e-9
0.01	2.253629900094599e-9
0.012589254117941675	4.314253731178449e-9
0.015848931924611134	0.0011647492074798704
0.0199526231496888	0.08888537899816792
0.025118864315095794	0.11758616579458943
0.03162277660168379	0.1171561054170704
0.039810717055349734	0.11736475486314035
0.05011872336272722	0.11675572719898428
0.06309573444801933	0.11724064447470381
0.07943282347242814	0.11673269372717364
0.1	0.11673994628782054
0.12589254117941673	0.11731524036293754
0.15848931924611134	0.11683820488562252
0.19952623149688797	0.11698550859660577
0.251188643150958	0.11731127792104915
0.31622776601683794	0.11635608808967587
0.3981071705534972	0.11667506032628804
0.5011872336272722	0.11699794168448166
