0.0031622776601683794	1.5925384687689368e-5
0.003981071705534973	2.268377724983981e-5
0.005011872336272725	3.422788047688164e-5
0.00630957344480193	4.1044213603642094e-5
0.007943282347242814	4.72939344826974e-5
0.01	6.626424195851942e-5
0.012589254117941675	0.00655636156590126
0.015848931924611134	0.02269099339719518
0.0199526231496888	0.050659237183279554
0.025118864315095794	0.06812824918852725
0.03162277660168379	0.08865556941015963
0.039810717055349734	0.09697878342316944
0.05011872336272722	0.09477243252370267
0.06309573444801933	0.10208781883211278
0.07943282347242814	0.1007851910487987
0.1	0.10155905151336121
0.12589254117941673	0.10230139761380055
0.15848931924611134	0.10101166162962473
0.19952623149688797	0.10121919675718724
0.251188643150958	0.10338167843535803
0.31622776601683794	0.10247392186291644
