0.0031622776601683794	8.074075003043782e-7
0.003981071705534973	1.115052830172215e-6
0.005011872336272725	1.2653338198281993e-6
0.00630957344480193	1.8367952431330747e-6
0.007943282347242814	2.2433125458038926e-6
0.01	2.4882299120696933e-6
0.012589254117941675	3.229637598594327e-6
0.015848931924611134	4.505540003764081e-6
0.0199526231496888	0.01763209988878784
0.025118864315095794	0.11417487909354812
0.03162277660168379	0.12060009265101802
0.039810717055349734	0.1203666542448209
0.05011872336272722	0.12090072549990101
0.06309573444801933	0.1207092676691857
0.07943282347242814	0.12079085533283937
0.1	0.12074976443522173
0.12589254117941673	0.11999767291239173
0.15848931924611134	0.11952294013964945
0.19952623149688797	0.12073895861329077
0.251188643150958	0.11951168629766837
0.31622776601683794	0.12043867509809529
