1.5848931924611142e-4	1.0637795285324432e-9
2.23872113856834e-4	1.5183463808215027e-9
3.1622776601683794e-4	2.1584763509494402e-9
4.4668359215096305e-4	2.9703299161746847e-9
6.30957344480193e-4	1.0309690367262946e-8
8.912509381337459e-4	5.891327370838998e-9
0.0012589254117941675	1.2434548988638694e-7
0.0017782794100389228	2.3594192210311463e-7
0.0025118864315095794	5.349710530389395e-7
0.0035481338923357532	4.981389112638692e-5
0.005011872336272725	2.544430558249445e-4
0.00707945784384138	0.0016553768744387194
0.01	0.007006041272996229
0.01412537544622754	0.016641459718247917
0.0199526231496888	0.02810837003433228
0.028183829312644536	0.03425528976588246
0.039810717055349734	0.03692878624514278
0.05623413251903491	0.038454077905341284
0.07943282347242814	0.03849500363462835
0.11220184543019636	0.038488140961598825
0.15848931924611134	0.03833476044804986
0.22387211385683395	0.038790470121657566
0.31622776601683794	0.03876746092080891
