1.5848931924611142e-4	1.1648324411238687e-8
2.23872113856834e-4	1.5728351699585955e-8
3.1622776601683794e-4	2.3571914729784526e-8
4.4668359215096305e-4	2.4653845477824253e-7
6.30957344480193e-4	1.0698007787999758e-6
8.912509381337459e-4	1.672331621573357e-6
0.0012589254117941675	3.955048849659144e-6
0.0017782794100389228	8.827222628416953e-6
0.0025118864315095794	2.046949244140295e-5
0.0035481338923357532	4.331575216728271e-5
0.005011872336272725	1.7731118864715327e-4
0.00707945784384138	6.781748691245175e-4
0.01	0.003464052275610695
0.01412537544622754	0.010463579647294335
0.0199526231496888	0.021450495762255526
0.028183829312644536	0.03209899499645976
0.039810717055349734	0.03633200158708014
0.05623413251903491	0.03944466869668766
0.07943282347242814	0.03974382191634533
0.11220184543019636	0.03979862615423914
0.15848931924611134	0.03978942329148867
0.22387211385683395	0.03981794273361251
0.31622776601683794	0.03985556576883584
