0.0031622776601683794	7.052895281401986e-7
0.003981071705534973	7.638704390898705e-7
0.005011872336272725	1.0473309189300357e-6
0.00630957344480193	1.3690345195414225e-6
0.007943282347242814	0.001384419245400325
0.01	0.0030589818220231072
0.012589254117941675	0.018475376991574925
0.015848931924611134	0.039028428017312405
0.0199526231496888	0.06165603014975408
0.025118864315095794	0.08645905235661899
0.03162277660168379	0.09318544080724153
0.039810717055349734	0.09477972814993897
0.05011872336272722	0.09445613984494003
0.06309573444801933	0.09850909774185108
0.07943282347242814	0.09509030686159313
0.1	0.09736411696512004
0.12589254117941673	0.09787774099779512
0.15848931924611134	0.09572499574358632
0.19952623149688797	0.09556340646893237
0.251188643150958	0.09709615069982619
0.31622776601683794	0.09610279847604357
