0.0031622776601683794	1.8736631911745253e-10
0.003981071705534973	8.703959732072231e-10
0.005011872336272725	1.9784512337384973e-10
0.00630957344480193	1.747283650334298e-9
0.007943282347242814	1.678256283623901e-9
0.01	3.4475662157457696e-9
0.012589254117941675	4.924264389412948e-9
0.015848931924611134	5.779241692104686e-4
0.0199526231496888	0.09466816469762782
0.025118864315095794	0.11683005148852851
0.03162277660168379	0.11700825617799873
0.039810717055349734	0.11618673668206707
0.05011872336272722	0.11688214934426033
0.06309573444801933	0.11650717990270819
0.07943282347242814	0.11664110884181066
0.1	0.11670930386262512
0.12589254117941673	0.11650218888809313
0.15848931924611134	0.1162650967511468
0.19952623149688797	0.11708907378287987
0.251188643150958	0.11709105127508078
0.31622776601683794	0.11644050543699468
