0.001584893192461114	1.818853022549803e-5
0.001995262314968879	2.301082309089491e-5
0.0025118864315095794	2.8756585696347586e-5
0.0031622776601683794	3.622004479371068e-5
0.003981071705534973	4.485293466999937e-5
0.005011872336272725	5.589642234027003e-5
0.00630957344480193	1.0661396561797508e-4
0.007943282347242814	2.293412717939876e-4
0.01	7.874439151899287e-4
0.012589254117941675	0.002165546824872083
0.015848931924611134	0.006212655936263698
0.0199526231496888	0.012365192698610205
0.025118864315095794	0.019356675227891678
0.03162277660168379	0.02860291789193489
0.039810717055349734	0.03542965421880966
0.05011872336272722	0.0396259259663066
0.06309573444801933	0.041821358004275104
0.07943282347242814	0.04404411003755328
0.1	0.0441093357026609
0.12589254117941673	0.04496689163522625
0.15848931924611134	0.045229510973523644
0.19952623149688797	0.04499621000565745
0.251188643150958	0.04526127870676047
0.31622776601683794	0.04542836573070865
