1.5848931924611142e-4	1.4987626590358525e-12
2.23872113856834e-4	2.0735234256845483e-12
3.1622776601683794e-4	3.01573721285125e-12
4.4668359215096305e-4	4.252003796191158e-12
6.30957344480193e-4	5.8357242526079475e-12
8.912509381337459e-4	8.442408241390187e-12
0.0012589254117941675	1.1326154241475955e-11
0.0017782794100389228	1.6204026700200075e-11
0.0025118864315095794	5.057648085175777e-9
0.0035481338923357532	6.190886864417224e-9
0.005011872336272725	2.196623241541667e-8
0.00707945784384138	6.582516599024325e-8
0.01	1.7256936514032391e-7
0.01412537544622754	4.934063836498551e-7
0.0199526231496888	1.9046208754590417e-5
0.028183829312644536	0.042846074904892624
0.039810717055349734	0.05869254577471297
0.05623413251903491	0.058659301027713835
0.07943282347242814	0.058639055993690806
0.11220184543019636	0.058599066764081956
0.15848931924611134	0.05859392804908396
0.22387211385683395	0.05871595572944515
0.31622776601683794	0.05859189021119672
