0.0031622776601683794	2.4243745974190744e-8
0.003981071705534973	4.873360299902011e-9
0.005011872336272725	3.463187360345861e-8
0.00630957344480193	6.412015770702173e-8
0.007943282347242814	9.331795528656646e-8
0.01	1.1337172959077917e-7
0.012589254117941675	2.0379453897945072e-7
0.015848931924611134	5.375379915023226e-4
0.0199526231496888	0.07523806652892054
0.025118864315095794	0.11689042471749252
0.03162277660168379	0.11721789591809928
0.039810717055349734	0.1169631519831726
0.05011872336272722	0.11646465154900533
0.06309573444801933	0.11673745376215967
0.07943282347242814	0.11698216494179768
0.1	0.11640805975613872
0.12589254117941673	0.11673883315575007
0.15848931924611134	0.11694045817093787
0.19952623149688797	0.1171374623798798
0.251188643150958	0.11684826292796875
0.31622776601683794	0.11709374253522624
