0.0031622776601683794	1.9338032007138683e-5
0.003981071705534973	2.483570466882799e-5
0.005011872336272725	3.20669502841303e-5
0.00630957344480193	6.217367430326222e-5
0.007943282347242814	1.4421377088044875e-4
0.01	0.0013601365104249532
0.012589254117941675	0.007291902250407714
0.015848931924611134	0.021196401495663725
0.0199526231496888	0.046936614512376094
0.025118864315095794	0.07309786099687819
0.03162277660168379	0.08927872975759135
0.039810717055349734	0.0970391028408058
0.05011872336272722	0.09971698894788815
0.06309573444801933	0.10041289891346233
0.07943282347242814	0.10084995960096685
0.1	0.10139922918116086
0.12589254117941673	0.10094646954646906
0.15848931924611134	0.10171652904303177
0.19952623149688797	0.10131161503846495
0.251188643150958	0.10189674764755415
0.31622776601683794	0.10248029174057176
