0.0031622776601683794	3.254170632239296e-8
0.003981071705534973	3.9396643164814547e-8
0.005011872336272725	4.6790759098853355e-8
0.00630957344480193	4.8925123804961634e-8
0.007943282347242814	7.602821605039506e-8
0.01	9.38173207611106e-8
0.012589254117941675	1.2145713614603183e-7
0.015848931924611134	2.0013317142083616e-7
0.0199526231496888	0.03393692519885756
0.025118864315095794	0.11521749031575876
0.03162277660168379	0.11517871099534145
0.039810717055349734	0.11579089190963954
0.05011872336272722	0.1159749823347773
0.06309573444801933	0.11598663162091888
0.07943282347242814	0.11551405188454168
0.1	0.11633100991268447
0.12589254117941673	0.11598903179180452
0.15848931924611134	0.11516362733197123
0.19952623149688797	0.11564553121713113
0.251188643150958	0.11575438961427363
0.31622776601683794	0.11605648364995651
