1.5848931924611142e-4	4.5153739638163316e-10
2.23872113856834e-4	6.459683914930118e-10
3.1622776601683794e-4	9.296605415607154e-10
4.4668359215096305e-4	1.3138818371727843e-9
6.30957344480193e-4	1.8509403749608194e-8
8.912509381337459e-4	2.6126687690148717e-8
0.0012589254117941675	6.302213704235617e-8
0.0017782794100389228	1.1603530889323444e-7
0.0025118864315095794	5.684903974559406e-6
0.0035481338923357532	7.763830069154686e-7
0.005011872336272725	2.979737774790979e-4
0.00707945784384138	0.001906756008229655
0.01	0.00813221035405265
0.01412537544622754	0.01877071296136667
0.0199526231496888	0.028958021402152676
0.028183829312644536	0.035002099253063995
0.039810717055349734	0.03778638422481782
0.05623413251903491	0.03845351649308777
0.07943282347242814	0.038193765450072255
0.11220184543019636	0.038757315921367524
0.15848931924611134	0.03821947897669975
0.22387211385683395	0.03830752990450631
0.31622776601683794	0.03830184325098035
