0.0031622776601683794	1.847867028772243e-8
0.003981071705534973	2.5012211782005778e-8
0.005011872336272725	3.1715716549743255e-8
0.00630957344480193	4.730407908274797e-8
0.007943282347242814	6.925031325513948e-8
0.01	1.1547050829688206e-7
0.012589254117941675	1.8186602267284911e-7
0.015848931924611134	3.557046428395075e-4
0.0199526231496888	0.07888963138192027
0.025118864315095794	0.11666770771437106
0.03162277660168379	0.1169549257053559
0.039810717055349734	0.11677794395352113
0.05011872336272722	0.11688174253104457
0.06309573444801933	0.11692151697685112
0.07943282347242814	0.11682619372465945
0.1	0.11678614588606921
0.12589254117941673	0.11677652458519777
0.15848931924611134	0.11672394458260386
0.19952623149688797	0.11669020710035849
0.251188643150958	0.11683966349560221
0.31622776601683794	0.11677491386322486
