0.0031622776601683794	5.514305447605746e-8
0.003981071705534973	2.731606160023098e-7
0.005011872336272725	4.139912008312466e-7
0.00630957344480193	9.919146536842365e-4
0.007943282347242814	0.008096085409362526
0.01	0.021429017075839905
0.012589254117941675	0.04388152617441671
0.015848931924611134	0.06533528544475461
0.0199526231496888	0.09129786747119423
0.025118864315095794	0.09638138522614029
0.03162277660168379	0.0952468918746808
0.039810717055349734	0.10026358650742945
0.05011872336272722	0.09854415705337
0.06309573444801933	0.09789283724409428
0.07943282347242814	0.09716486441170391
0.1	0.09756041131851466
0.12589254117941673	0.09892807559842476
0.15848931924611134	0.09768077089644052
0.19952623149688797	0.09953896731340331
0.251188643150958	0.0977431396452197
0.31622776601683794	0.09908575700570323
