0.001584893192461114	6.734270062258748e-7
0.001995262314968879	8.914580861765398e-7
0.0025118864315095794	1.0245932150689959e-6
0.0031622776601683794	1.4158439136051436e-6
0.003981071705534973	1.7520900878296957e-5
0.005011872336272725	2.9785214089870493e-5
0.00630957344480193	1.4993620986501754e-4
0.007943282347242814	5.926050266286978e-4
0.01	0.002078617674627468
0.012589254117941675	0.006222449582122512
0.015848931924611134	0.012037278138811155
0.0199526231496888	0.018705772039495437
0.025118864315095794	0.026091768832377564
0.03162277660168379	0.03226370904452179
0.039810717055349734	0.03509691135369109
0.05011872336272722	0.03650888624165635
0.06309573444801933	0.03781278546927236
0.07943282347242814	0.03848975504100342
0.1	0.039088630005722776
0.12589254117941673	0.03838682865124677
0.15848931924611134	0.03886213395364158
0.19952623149688797	0.03866728013332204
0.251188643150958	0.039005951552341045
0.31622776601683794	0.038654771711301446
