0.001584893192461114	1.8844457911161712e-12
0.001995262314968879	7.57806443555882e-9
0.0025118864315095794	1.209032850450636e-8
0.0031622776601683794	7.761623189869732e-9
0.003981071705534973	1.6691733499359244e-8
0.005011872336272725	2.8931958893651143e-8
0.00630957344480193	2.7946174581518413e-8
0.007943282347242814	5.513959079396928e-8
0.01	1.2212014544503424e-7
0.012589254117941675	2.0875816067969968e-7
0.015848931924611134	2.4768988258242484e-7
0.0199526231496888	0.07669989380205862
0.025118864315095794	0.11679300606659515
0.03162277660168379	0.11641386692397074
0.039810717055349734	0.1162675047850436
0.05011872336272722	0.11643419202838481
0.06309573444801933	0.11749090626834517
0.07943282347242814	0.11636358506029641
0.1	0.11702900668725683
0.12589254117941673	0.11688723965176537
0.15848931924611134	0.11684513294528996
0.19952623149688797	0.11768669748579316
0.251188643150958	0.11707161540303694
0.31622776601683794	0.11648573520623849
0.3981071705534972	0.11731906793069596
0.5011872336272722	0.11734164590201974
