1.5848931924611142e-4	1.6385589499995177e-13
2.23872113856834e-4	2.3317634610020983e-13
3.1622776601683794e-4	3.360608131378134e-13
4.4668359215096305e-4	4.627659594866168e-13
6.30957344480193e-4	1.7701440555455343e-10
8.912509381337459e-4	6.121598168970963e-10
0.0012589254117941675	1.4211424389822484e-9
0.0017782794100389228	3.3020358905448837e-9
0.0025118864315095794	6.467588890099412e-9
0.0035481338923357532	1.4871322353405229e-8
0.005011872336272725	2.3431135125468373e-8
0.00707945784384138	4.0113585014914385e-8
0.01	8.160971912238664e-8
0.01412537544622754	1.670407769339956e-7
0.0199526231496888	3.35843028621747e-7
0.028183829312644536	0.044880413811534375
0.039810717055349734	0.05834670204896638
0.05623413251903491	0.05837329400131082
0.07943282347242814	0.058375279119989874
0.11220184543019636	0.05842079813424846
0.15848931924611134	0.05844410251725687
0.22387211385683395	0.058484134840684994
0.31622776601683794	0.05834691924683154
