0.001584893192461114	1.2472306468783083e-8
0.001995262314968879	1.5315672090071526e-8
0.0025118864315095794	1.911616541361581e-8
0.0031622776601683794	2.4115310552343628e-8
0.003981071705534973	2.939077931779746e-8
0.005011872336272725	3.712162965985806e-8
0.00630957344480193	4.9515691578796746e-8
0.007943282347242814	5.9529216827525434e-8
0.01	7.61675528098929e-8
0.012589254117941675	1.0142158356845093e-7
0.015848931924611134	1.3812247680539114e-7
0.0199526231496888	1.967648417443346e-7
0.025118864315095794	0.001560656905119254
0.03162277660168379	0.04921900267785721
0.039810717055349734	0.05787943288878628
0.05011872336272722	0.05785893888910256
0.06309573444801933	0.057730662173508064
0.07943282347242814	0.05769911822597832
0.1	0.057719442790105026
0.12589254117941673	0.05773299475892528
0.15848931924611134	0.05774908849987698
0.19952623149688797	0.05773512558149232
0.251188643150958	0.05782960298551096
0.31622776601683794	0.05787091239090268
