1.5848931924611142e-4	6.275012283334187e-15
2.23872113856834e-4	9.297744028500441e-15
3.1622776601683794e-4	1.268069312398665e-14
4.4668359215096305e-4	1.90447898662846e-14
6.30957344480193e-4	2.6270012316925022e-14
8.912509381337459e-4	3.640021296850543e-14
0.0012589254117941675	7.164132856049381e-12
0.0017782794100389228	4.820721803900301e-11
0.0025118864315095794	1.3396235165421827e-10
0.0035481338923357532	2.6905078221599125e-10
0.005011872336272725	5.972413993548572e-10
0.00707945784384138	1.10945031621185e-9
0.01	2.2381281118649313e-9
0.01412537544622754	4.653264953932082e-9
0.0199526231496888	1.4981159895731146e-5
0.028183829312644536	0.052382960892326386
0.039810717055349734	0.058323083381699684
0.05623413251903491	0.05822485645974509
0.07943282347242814	0.05828722895172271
0.11220184543019636	0.05829291412066314
0.15848931924611134	0.05833050580821274
0.22387211385683395	0.05831773709135922
0.31622776601683794	0.05827884286436053
