1.5848931924611142e-4	8.261767476596714e-8
2.23872113856834e-4	1.4229935907266968e-7
3.1622776601683794e-4	2.020986782101928e-7
4.4668359215096305e-4	3.0794383154384546e-7
6.30957344480193e-4	4.2822907824925364e-7
8.912509381337459e-4	7.404590385857991e-7
0.0012589254117941675	9.668741834535686e-7
0.0017782794100389228	1.4488103652198294e-6
0.0025118864315095794	2.8223456725601557e-6
0.0035481338923357532	3.12872899162915e-6
0.005011872336272725	1.473029299886697e-4
0.00707945784384138	7.604119613549005e-4
0.01	0.0010878065662341609
0.01412537544622754	0.009227352130093298
0.0199526231496888	0.018976784566627315
0.028183829312644536	0.0339461842068751
0.039810717055349734	0.03539385019677463
0.05623413251903491	0.04182254545692609
0.07943282347242814	0.03769343846347988
0.11220184543019636	0.04110688841674686
0.15848931924611134	0.039239833244262605
0.22387211385683395	0.04112413476067472
0.31622776601683794	0.03964695844406527
