3.9810717055349735e-4	4.659882558357769e-11
4.168693834703355e-4	4.879496057420882e-11
4.3651583224016654e-4	5.1094596218272224e-11
4.570881896148761e-4	5.350261035128643e-11
4.786300923226395e-4	5.602411069407559e-11
5.01187233627274e-4	5.866444568693031e-11
5.248074602497745e-4	6.14292158343662e-11
5.49540873857627e-4	6.432428558454526e-11
5.754399373371602e-4	6.735579576855637e-11
6.025595860743611e-4	7.053017662594135e-11
6.309573444801969e-4	7.385416144409546e-11
6.606934480075998e-4	7.733480084047241e-11
6.918309709189405e-4	8.097947771788935e-11
7.244359600749935e-4	8.479592292465356e-11
7.585775750291874e-4	8.879223165272848e-11
7.943282347242854e-4	9.297688060872071e-11
8.317637711026751e-4	9.735874599411156e-11
8.70963589956085e-4	1.0194712233287036e-10
9.120108393559134e-4	1.0675174218638588e-10
9.549925860214398e-4	1.1178279679753421e-10
0.0010000000000000041	1.1705095770767075e-10
0.001047128548050904	1.2256739939240052e-10
0.0010964781961431895	1.2834382296413904e-10
0.0011481536214968864	1.343924809917405e-10
0.0012022644346174167	1.4072620348983935e-10
0.0012589254117941714	1.4735842513303092e-10
0.0013182567385564114	1.5430321375261784e-10
0.0013803842646028894	1.6157530017636633e-10
0.001445439770745931	1.6919010947456656e-10
0.0015135612484362118	1.7716379367867563e-10
0.0015848931924611173	1.8551326604194074e-10
0.0016595869074375648	1.9425623691467767e-10
0.00173780082874938	2.0341125131029802e-10
0.0018197008586099863	2.1299772824176878e-10
0.0019054607179632501	2.230360019119434e-10
0.001995262314968883	2.33547364845131e-10
0.002089296130854043	2.445541130513957e-10
0.0021877616239495564	2.5607959331938356e-10
0.0022908676527677745	2.6814825273799064e-10
0.0023988329190194925	2.807856905519178e-10
0.002511886431509582	2.9401871246109887e-10
0.0026302679918953843	3.0787538747918545e-10
0.002754228703338169	3.2238510747168755e-10
0.002884031503126606	3.3757864950006105e-10
0.003019951720402016	3.5348824110398244e-10
0.0031622776601683794	3.7014762866027946e-10
0.003311311214825911	3.875921489635219e-10
0.0034673685045253167	4.0585880418010073e-10
0.00363078054770101	4.249863403347828e-10
0.003801893963205609	4.450153294962266e-10
0.003981071705534969	4.659882558357764e-10
0.004168693834703351	4.879496057420877e-10
0.004365158322401657	5.109459621827212e-10
0.004570881896148743	5.350261035128621e-10
0.004786300923226376	5.602411069407537e-10
0.005011872336272715	5.866444568693001e-10
0.005248074602497718	6.142921583436588e-10
0.005495408738576237	6.432428558454487e-10
0.0057543993733715545	6.735579576855581e-10
0.006025595860743562	7.053017662594078e-10
0.006309573444801917	7.385416144409486e-10
0.006606934480075944	7.733480084047178e-10
0.006918309709189349	8.09794777178887e-10
0.007244359600749877	8.479592292465289e-10
0.0075857757502918125	8.879223165272776e-10
0.00794328234724279	9.297688060871995e-10
0.008317637711026683	9.735874599411076e-10
0.008709635899560779	1.0194712233286954e-9
0.009120108393559059	1.06751742186385e-9
0.00954992586021432	1.117827967975333e-9
0.009999999999999959	1.1705095770766977e-9
0.010471285480508952	1.225673993923995e-9
0.0109647819614318	1.2834382296413794e-9
0.011481536214968776	1.3439248099173948e-9
0.01202264434617407	1.407262034898382e-9
0.01258925411794161	1.4735842513302972e-9
0.013182567385564007	1.5430321375261658e-9
0.013803842646028774	1.6157530017636492e-9
0.014454397707459198	1.6919010947456526e-9
0.015135612484361995	1.7716379367867419e-9
0.015848931924611044	1.8551326604193924e-9
0.016595869074375512	1.942562369146761e-9
0.017378008287493647	2.0341125131029624e-9
0.01819700858609972	2.129977282417671e-9
0.019054607179632345	2.2303600191194156e-9
0.019952623149688667	2.3354736484512908e-9
0.020892961308540257	2.445541130513937e-9
0.021877616239495374	2.5607959331938134e-9
0.02290867652767757	2.681482527379886e-9
0.023988329190194727	2.807856905519155e-9
0.025118864315095617	2.940187124610965e-9
0.026302679918953627	3.078753874791829e-9
0.02754228703338145	3.223851074716847e-9
0.028840315031265835	3.375786495000584e-9
0.030199517204019914	3.5348824110397957e-9
0.031622776601683535	3.7014762866027644e-9
0.03311311214825884	3.875921489635188e-9
0.03467368504525287	4.058588041800972e-9
0.036307805477009826	4.249863403347796e-9
0.03801893963205578	4.4501532949622296e-9
0.039810717055349366	4.659882558357726e-9
0.041686938347033166	4.879496057420837e-9
0.04365158322401619	5.109459621827168e-9
0.045708818961487076	5.35026103512858e-9
0.04786300923226336	5.60241106940749e-9
0.050118723362726735	5.866444568692952e-9
0.052480746024976745	6.142921583436537e-9
0.05495408738576189	6.432428558454431e-9
0.057543993733715104	6.735579576855529e-9
0.06025595860743513	7.053017662594019e-9
0.06309573444801865	7.3854161444094245e-9
0.0660693448007589	7.733480084047115e-9
0.06918309709189288	8.097947771788799e-9
0.07244359600749821	8.479592292465223e-9
0.07585775750291751	8.879223165272704e-9
0.07943282347242724	9.297688060871918e-9
0.08317637711026615	9.735874599410996e-9
0.08709635899560703	1.0194712233286865e-8
0.0912010839355899	1.067517421863842e-8
0.09549925860214242	1.1178279679753238e-8
0.09999999999999877	1.1705095770766883e-8
0.10471285480508864	1.2256739939239848e-8
0.1096478196143171	1.283438229641369e-8
0.11481536214968682	1.3439248099173837e-8
0.12022644346173975	1.407262034898371e-8
0.12589254117941506	1.4735842513302849e-8
0.13182567385563895	1.543032137526153e-8
0.1380384264602866	1.6157530017636358e-8
0.1445439770745908	1.6919010947456387e-8
0.15135612484361874	1.771637936786728e-8
0.15848931924610915	1.8551326604193773e-8
0.16595869074375377	1.9425623691467452e-8
0.17378008287493515	2.034112513102947e-8
0.18197008586099583	2.129977282417655e-8
0.1905460717963221	2.2303600191194e-8
0.19952623149688523	2.335473648451274e-8
0.2089296130854011	2.4455411305139194e-8
0.2187761623949523	2.560795933193796e-8
0.22908676527677418	2.681482527379868e-8
0.2398832919019458	2.8078569055191378e-8
0.2511886431509546	2.940187124610947e-8
0.26302679918953464	3.07875387479181e-8
0.27542287033381296	3.223851074716829e-8
0.28840315031265673	3.375786495000565e-8
0.3019951720401976	3.534882411039777e-8
0.3162277660168337	3.701476286602745e-8
