0.0031622776601683794	3.68069143640447e-9
0.003758374042884443	4.374509970675073e-9
0.0044668359215096305	5.1991148440927676e-9
0.005308844442309885	6.179159572905124e-9
0.00630957344480193	7.343944916086511e-9
0.007498942093324558	8.728294890943588e-9
0.008912509381337459	1.0373597919613607e-8
0.010592537251772886	1.2329044233996786e-8
0.012589254117941675	1.4653096534274715e-8
0.014962356560944336	1.741523786983515e-8
0.01778279410038923	2.0698048999644594e-8
0.021134890398366465	2.4599677339678143e-8
0.025118864315095794	2.9236771312439417e-8
0.029853826189179603	3.474796782790099e-8
0.03548133892335755	4.129803716237017e-8
0.042169650342858224	4.908280915625371e-8
0.05011872336272722	5.833502801107361e-8
0.059566214352901034	6.933131072876184e-8
0.0707945784384138	8.240041723226153e-8
