3.9810717055349735e-4	4.674312269202084e-13
4.168693834703355e-4	4.894605819586084e-13
4.3651583224016654e-4	5.125281485144664e-13
4.570881896148761e-4	5.366828559891696e-13
4.786300923226395e-4	5.619759397557492e-13
5.01187233627274e-4	5.884610498359781e-13
5.248074602497745e-4	6.161943646992558e-13
5.49540873857627e-4	6.452347104246788e-13
5.754399373371602e-4	6.756436854790374e-13
6.025595860743611e-4	7.074857913754229e-13
6.309573444801969e-4	7.408285694895883e-13
6.606934480075998e-4	7.757427443242576e-13
6.918309709189405e-4	8.1230237352528e-13
7.244359600749935e-4	8.505850049678251e-13
7.585775750291874e-4	8.906718412458258e-13
7.943282347242854e-4	9.32647911913563e-13
8.317637711026751e-4	9.766022538447524e-13
8.70963589956085e-4	1.0226281000916918e-12
9.120108393559134e-4	1.0708230776450621e-12
9.549925860214398e-4	1.1212894145138696e-12
0.0010000000000000041	1.1741341565647517e-12
0.001047128548050904	1.229469394580616e-12
0.0010964781961431895	1.2874125020202187e-12
0.0011481536214968864	1.348086383983006e-12
0.0012022644346174167	1.4116197379073126e-12
0.0012589254117941714	1.478147326554876e-12
0.0013182567385564114	1.547810263860726e-12
0.0013803842646028894	1.6207563142547618e-12
0.001445439770745931	1.6971402060899146e-12
0.0015135612484362118	1.7771239598417366e-12
0.0015848931924611173	1.8608772317755427e-12
0.0016595869074375648	1.9485776738101015e-12
0.00173780082874938	2.040411310341171e-12
0.0018197008586099863	2.1365729328241816e-12
0.0019054607179632501	2.2372665129530375e-12
0.001995262314968883	2.342705635311413e-12
0.002089296130854043	2.4531139504143005e-12
0.0021877616239495564	2.568725649100733e-12
0.0022908676527677745	2.689785959283952e-12
0.0023988329190194925	2.816551666112701e-12
0.002511886431509582	2.9492916566469346e-12
0.0026302679918953843	3.088287490203337e-12
0.002754228703338169	3.2338339955803773e-12
0.002884031503126606	3.3862398964297163e-12
0.003019951720402016	3.5458284661004773e-12
0.0031622776601683794	3.712938213345341e-12
0.003311311214825911	3.887923600343008e-12
0.0034673685045253167	4.07115579456e-12
0.00363078054770101	4.263023456046615e-12
0.003801893963205609	4.46393356183702e-12
0.003981071705534969	4.6743122692020784e-12
0.004168693834703351	4.8946058195860786e-12
0.004365158322401657	5.125281485144654e-12
0.004570881896148743	5.366828559891674e-12
0.004786300923226376	5.61975939755747e-12
0.005011872336272715	5.884610498359751e-12
0.005248074602497718	6.161943646992526e-12
0.005495408738576237	6.452347104246749e-12
0.0057543993733715545	6.756436854790317e-12
0.006025595860743562	7.074857913754172e-12
0.006309573444801917	7.408285694895823e-12
0.006606934480075944	7.757427443242512e-12
0.006918309709189349	8.123023735252734e-12
0.007244359600749877	8.505850049678182e-12
0.0075857757502918125	8.906718412458186e-12
0.00794328234724279	9.326479119135554e-12
0.008317637711026683	9.766022538447446e-12
0.008709635899560779	1.0226281000916834e-11
0.009120108393559059	1.0708230776450532e-11
0.00954992586021432	1.1212894145138604e-11
0.009999999999999959	1.1741341565647419e-11
0.010471285480508952	1.2294693945806058e-11
0.0109647819614318	1.2874125020202077e-11
0.011481536214968776	1.3480863839829959e-11
0.01202264434617407	1.4116197379073012e-11
0.01258925411794161	1.478147326554864e-11
0.013182567385564007	1.5478102638607134e-11
0.013803842646028774	1.6207563142547476e-11
0.014454397707459198	1.6971402060899013e-11
0.015135612484361995	1.777123959841722e-11
0.015848931924611044	1.8608772317755277e-11
0.016595869074375512	1.9485776738100857e-11
0.017378008287493647	2.0404113103411533e-11
0.01819700858609972	2.1365729328241652e-11
0.019054607179632345	2.237266512953019e-11
0.019952623149688667	2.3427056353113943e-11
0.020892961308540257	2.4531139504142802e-11
0.021877616239495374	2.5687256491007106e-11
0.02290867652767757	2.6897859592839315e-11
0.023988329190194727	2.816551666112678e-11
0.025118864315095617	2.9492916566469106e-11
0.026302679918953627	3.0882874902033116e-11
0.02754228703338145	3.233833995580349e-11
0.028840315031265835	3.3862398964296896e-11
0.030199517204019914	3.545828466100448e-11
0.031622776601683535	3.7129382133453104e-11
0.03311311214825884	3.8879236003429766e-11
0.03467368504525287	4.071155794559965e-11
0.036307805477009826	4.2630234560465826e-11
0.03801893963205578	4.463933561836983e-11
0.039810717055349366	4.67431226920204e-11
0.041686938347033166	4.8946058195860383e-11
0.04365158322401619	5.12528148514461e-11
0.045708818961487076	5.366828559891633e-11
0.04786300923226336	5.6197593975574227e-11
0.050118723362726735	5.884610498359702e-11
0.052480746024976745	6.161943646992476e-11
0.05495408738576189	6.452347104246693e-11
0.057543993733715104	6.756436854790266e-11
0.06025595860743513	7.074857913754114e-11
0.06309573444801865	7.408285694895761e-11
0.0660693448007589	7.757427443242449e-11
0.06918309709189288	8.123023735252663e-11
0.07244359600749821	8.505850049678117e-11
0.07585775750291751	8.906718412458114e-11
0.07943282347242724	9.326479119135477e-11
0.08317637711026615	9.766022538447366e-11
0.08709635899560703	1.0226281000916745e-10
0.0912010839355899	1.0708230776450452e-10
0.09549925860214242	1.1212894145138513e-10
0.09999999999999877	1.1741341565647323e-10
0.10471285480508864	1.2294693945805953e-10
0.1096478196143171	1.287412502020197e-10
0.11481536214968682	1.3480863839829848e-10
0.12022644346173975	1.4116197379072901e-10
0.12589254117941506	1.4781473265548516e-10
0.13182567385563895	1.5478102638607003e-10
0.1380384264602866	1.6207563142547344e-10
0.1445439770745908	1.6971402060898874e-10
0.15135612484361874	1.777123959841708e-10
0.15848931924610915	1.8608772317755125e-10
0.16595869074375377	1.9485776738100699e-10
0.17378008287493515	2.0404113103411377e-10
0.18197008586099583	2.136572932824149e-10
0.1905460717963221	2.2372665129530032e-10
0.19952623149688523	2.3427056353113774e-10
0.2089296130854011	2.453113950414263e-10
0.2187761623949523	2.5687256491006935e-10
0.22908676527677418	2.6897859592839136e-10
0.2398832919019458	2.8165516661126605e-10
0.2511886431509546	2.9492916566468924e-10
0.26302679918953464	3.088287490203293e-10
0.27542287033381296	3.233833995580331e-10
0.28840315031265673	3.386239896429671e-10
0.3019951720401976	3.54582846610043e-10
0.3162277660168337	3.7129382133452913e-10
