0.0031622776601683794	5.114680272098659e-11
0.003758374042884443	6.078808896017434e-11
0.0044668359215096305	7.224677913080679e-11
0.005308844442309885	8.586545792211421e-11
0.00630957344480193	1.0205128800033226e-10
0.007498942093324558	1.212881831012116e-10
0.008912509381337459	1.44151275777579e-10
0.010592537251772886	1.7132411234954045e-10
0.012589254117941675	2.036190891410989e-10
0.014962356560944336	2.4200174099289285e-10
0.01778279410038923	2.876196082136895e-10
0.021134890398366465	3.418365450165325e-10
0.025118864315095794	4.0627349517152344e-10
0.029853826189179603	4.828569539599786e-10
0.03548133892335755	5.738765653148884e-10
0.042169650342858224	6.820535761506504e-10
0.05011872336272722	8.106221944864319e-10
0.059566214352901034	9.634262837570083e-10
0.0707945784384138	1.1450342842165736e-9
