1.5848931924611142e-4	2.377339788691556e-10
1.6595869074375615e-4	2.489380361156669e-10
1.7378008287493782e-4	2.6067012431242677e-10
1.8197008586099862e-4	2.7295512879151805e-10
1.9054607179632522e-4	2.858191076944201e-10
1.995262314968887e-4	2.99289347245305e-10
2.0892961308540471e-4	3.133944196280559e-10
2.187761623949563e-4	3.281642435923541e-10
2.290867652767784e-4	3.436301479151225e-10
2.3988329190195045e-4	3.5982493785301243e-10
2.5118864315095974e-4	3.7678296472646537e-10
2.6302679918954004e-4	3.9454019878434733e-10
2.7542287033381884e-4	4.1313430550068885e-10
2.8840315031266293e-4	4.3260472546894155e-10
3.019951720402044e-4	4.5299275806023845e-10
3.162277660168412e-4	4.74341649025175e-10
3.311311214825945e-4	4.966966822238836e-10
3.467368504525356e-4	5.201052756787799e-10
3.6307805477010547e-4	5.446170821552079e-10
3.801893963205659e-4	5.702840944807981e-10
3.981071705535026e-4	5.97160755830292e-10
4.1686938347034103e-4	6.253040752054574e-10
4.3651583224017234e-4	6.547737483602933e-10
4.570881896148817e-4	6.856322844223347e-10
4.7863009232264586e-4	7.179451384840364e-10
5.011872336272807e-4	7.517808504408963e-10
5.248074602497814e-4	7.872111903746724e-10
5.495408738576344e-4	8.243113107864074e-10
5.754399373371673e-4	8.631599060056561e-10
6.025595860743692e-4	9.038393791115986e-10
6.309573444802052e-4	9.464360167202669e-10
6.606934480076086e-4	9.910401720114386e-10
6.91830970918949e-4	1.0377464563784376e-9
7.244359600750032e-4	1.0866539401125453e-9
7.585775750291975e-4	1.1378663625437924e-9
7.94328234724296e-4	1.1914923520864511e-9
8.317637711026862e-4	1.2476456566539864e-9
8.709635899560957e-4	1.3064453849341976e-9
9.120108393559256e-4	1.3680162590338904e-9
9.549925860214525e-4	1.4324888790321437e-9
0.0010000000000000174	1.4999999999999936e-9
0.0010471285480509178	1.5706928220763663e-9
0.0010964781961432031	1.644717294214841e-9
0.0011481536214969017	1.7222304322453506e-9
0.0012022644346174327	1.8033966519261512e-9
0.001258925411794188	1.8883881176912788e-9
0.001318256738556429	1.9773851078346156e-9
0.0013803842646029063	2.070576396904381e-9
0.00144543977074595	2.1681596561188795e-9
0.001513561248436232	2.270341872654362e-9
0.0015848931924611384	2.37733978869167e-9
0.0016595869074375869	2.4893803611564182e-9
0.0017378008287494012	2.6067012431241084e-9
0.0018197008586100104	2.729551287915021e-9
0.0019054607179632755	2.8581910769449084e-9
0.0019952623149689093	2.992893472453393e-9
0.0020892961308540707	3.1339441962810834e-9
0.0021877616239495833	3.2816424359243632e-9
0.0022908676527678053	3.436301479151727e-9
0.002398832919019524	3.5982493785292793e-9
0.0025118864315096154	3.767829647264449e-9
0.002630267991895419	3.945401987843108e-9
0.002754228703338203	4.1313430550073e-9
0.002884031503126644	4.326047254689987e-9
0.003019951720402056	4.529927580603e-9
0.0031622776601684215	4.743416490252595e-9
0.003311311214825955	4.9669668222389725e-9
0.003467368504525359	5.201052756788027e-9
0.0036307805477010582	5.446170821551558e-9
0.003801893963205659	5.702840944808471e-9
0.003981071705535022	5.971607558302731e-9
0.0041686938347034064	6.253040752055924e-9
0.00436515832240171	6.547737483606289e-9
0.004570881896148803	6.856322844238962e-9
0.004786300923226439	7.179451384901831e-9
0.005011872336272781	7.517808504639949e-9
0.005248074602497787	7.872111904554887e-9
0.0054954087385763045	8.243113110541814e-9
0.005754399373371631	8.631599068469581e-9
0.006025595860743643	9.038393816242528e-9
0.0063095734448020005	9.464360238719036e-9
0.006606934480076032	9.910401914486455e-9
0.006918309709189433	1.0377465069300269e-8
0.007244359600749973	1.0866540661687224e-8
0.007585775750291913	1.1378666644996198e-8
0.007943282347242895	1.1914930481616722e-8
0.008317637711026794	1.2476472035143285e-8
0.008709635899560886	1.3064487042073566e-8
0.00912010839355918	1.3680231473741557e-8
0.009549925860214447	1.4325027248279005e-8
0.010000000000000092	1.5000269945354055e-8
0.010471285480509086	1.5707439412152634e-8
0.010964781961431946	1.644811441919026e-8
0.011481536214968923	1.72239928119064e-8
0.012022644346174229	1.8036918882357505e-8
0.012589254117941777	1.888891992106019e-8
0.013182567385564175	1.9782254065258958e-8
0.013803842646028958	2.0719471602904797e-8
0.014454397707459384	2.170349179909013e-8
0.015135612484362196	2.2737697081235705e-8
0.015848931924611256	2.3826046075724563e-8
0.016595869074375724	2.4973206587551747e-8
0.01737800828749388	2.6184709240839762e-8
0.018197008586099957	2.7467122258503573e-8
0.019054607179632598	2.8828247869515185e-8
0.01995262314968893	3.027734120049249e-8
0.020892961308540525	3.182535332026489e-8
0.021877616239495665	3.348520141335273e-8
0.022908676527677866	3.52720708758159e-8
0.023988329190195046	3.720375643961134e-8
0.02511886431509595	3.930105221058893e-8
0.026302679918953964	4.1588203730714006e-8
0.027542287033381817	4.4093438861720813e-8
0.028840315031266203	4.6849598508706253e-8
0.030199517204020317	4.9894893111214255e-8
0.03162277660168396	5.327381667521143e-8
0.033113112148259266	5.7038257261627987e-8
0.034673685045253325	6.124885177221096e-8
0.036307805477010284	6.597664421780863e-8
0.038018939632056284	7.130512124084444e-8
0.039810717055349894	7.733271755809394e-8
0.0416869383470337	8.417590858315044e-8
0.043651583224016764	9.197303961704072e-8
0.04570881896148766	1.0088908311268346e-7
0.047863009232264	1.1112157093012149e-7
0.0501187233627274	1.229080216978276e-7
0.05248074602497742	1.3653528053083227e-7
0.05495408738576262	1.5235131790025915e-7
0.05754399373371584	1.707802081407191e-7
0.06025595860743593	1.92341242288696e-7
0.0630957344480195	2.1767344762412233e-7
0.06606934480075974	2.47567219845036e-7
0.0691830970918938	2.830053692852633e-7
0.07244359600749914	3.252167058536994e-7
0.07585775750291851	3.757464333198414e-7
0.07943282347242829	4.365492298961076e-7
0.08317637711026721	5.101131601249731e-7
0.08709635899560819	5.996257896051575e-7
0.09120108393559107	7.091984999537384e-7
0.09549925860214369	8.441716871167695e-7
0.10000000000000007	1.0115332699194567e-6
0.10471285480509002	1.220497259711858e-6
0.10964781961431856	1.4833103887333478e-6
0.11481536214968832	1.8163866044964953e-6
0.12022644346174131	2.2419173226909976e-6
0.12589254117941673	2.7901787494652696e-6
0.13182567385564067	3.5028708503411166e-6
0.13803842646028847	4.4379991753083045e-6
0.14454397707459268	5.67708929043809e-6
0.1513561248436207	7.335967934028618e-6
0.1584893192461112	9.581062520239339e-6
0.16595869074375594	1.2654343723823727e-5
0.1737800828749374	1.6911978987869325e-5
0.18197008586099822	2.2885027076340273e-5
0.19054607179632457	3.1376058284179755e-5
0.19952623149688783	4.3615181348754354e-5
0.2089296130854038	6.151579154219656e-5
0.21877616239495512	8.8100352992706e-5
0.22908676527677718	1.2822087495706287e-4
0.23988329190194893	1.897988992524619e-4
0.2511886431509579	2.8599772146402114e-4
0.2630267991895381	4.3909870775820986e-4
0.2754228703338165	6.875533981444994e-4
0.2884031503126605	0.0010990745798166366
0.30199517204020154	0.0017954550547811877
0.31622776601683783	0.0030006674966526455
