1.5848931924611142e-4	1.741816092337255e-11
2.23872113856834e-4	1.738068801469927e-11
3.1622776601683794e-4	3.196283314654198e-11
4.4668359215096305e-4	4.546340020070195e-11
6.30957344480193e-4	6.722571771679777e-11
8.912509381337459e-4	9.058212907742031e-11
0.0012589254117941675	1.2042787905766042e-10
0.0017782794100389228	1.4605478314832096e-10
0.0025118864315095794	2.770245816884759e-10
0.0035481338923357532	3.075050692724877e-10
0.005011872336272725	5.966866222630206e-10
0.00707945784384138	5.834922339885862e-10
0.01	1.1793703716166906e-9
0.01412537544622754	1.4837829988497213e-9
0.0199526231496888	1.963877862171039e-9
0.028183829312644536	2.3270144363292207e-9
0.039810717055349734	4.921455962504897e-9
0.05623413251903491	1.2590724693570408e-8
0.07943282347242814	2.2544457656718236e-8
0.11220184543019636	0.008059962220400235
0.15848931924611134	0.04273419559737562
0.22387211385683395	0.03675910391749957
0.31622776601683794	0.03876333466077554
