1.5848931924611142e-4	7.016967364732876e-8
2.23872113856834e-4	1.4450480864389774e-7
3.1622776601683794e-4	1.5393738059791435e-7
4.4668359215096305e-4	1.9437116277544127e-7
6.30957344480193e-4	3.19503818546685e-7
8.912509381337459e-4	3.848600519773933e-7
0.0012589254117941675	6.31362506784124e-7
0.0017782794100389228	1.0044887535991585e-6
0.0025118864315095794	1.2799122888636182e-6
0.0035481338923357532	1.7676420109007257e-6
0.005011872336272725	2.513081712001332e-6
0.00707945784384138	4.016885926565192e-6
0.01	4.565905629153291e-6
0.01412537544622754	7.591177003407276e-6
0.0199526231496888	1.347085796604659e-5
0.028183829312644536	1.0115714474670442e-5
0.039810717055349734	0.004787409420468903
0.05623413251903491	0.018265899196682336
0.07943282347242814	0.025545422218892645
0.11220184543019636	0.042774075608922636
0.15848931924611134	0.04528867440536338
0.22387211385683395	0.035019824272536366
0.31622776601683794	0.03917293588389382
