1.5848931924611142e-4	1.521497464762596e-13
1.6595869074375615e-4	1.5932034311402682e-13
1.7378008287493782e-4	1.6682887955995312e-13
1.8197008586099862e-4	1.7469128242657157e-13
1.9054607179632522e-4	1.8292422892442887e-13
1.995262314968887e-4	1.915451822369952e-13
2.0892961308540471e-4	2.0057242856195577e-13
2.187761623949563e-4	2.1002511589910662e-13
2.290867652767784e-4	2.199232946656784e-13
2.3988329190195045e-4	2.3028796022592793e-13
2.5118864315095974e-4	2.411410974249378e-13
2.6302679918954004e-4	2.5250572722198237e-13
2.7542287033381884e-4	2.644059555204409e-13
2.8840315031266293e-4	2.7686702430012256e-13
3.019951720402044e-4	2.899153651585526e-13
3.162277660168412e-4	3.03578655376112e-13
3.311311214825945e-4	3.1788587662328547e-13
3.467368504525356e-4	3.328673764344191e-13
3.6307805477010547e-4	3.4855493257933305e-13
3.801893963205659e-4	3.6498182046771084e-13
3.981071705535026e-4	3.8218288373138693e-13
4.1686938347034103e-4	4.001946081314927e-13
4.3651583224017234e-4	4.190551989505878e-13
4.570881896148817e-4	4.388046620302941e-13
4.7863009232264586e-4	4.594848886297833e-13
5.011872336272807e-4	4.811397442821737e-13
5.248074602497814e-4	5.038151618397904e-13
5.495408738576344e-4	5.275592389033007e-13
5.754399373371673e-4	5.5242233984362e-13
6.025595860743692e-4	5.784572026314231e-13
6.309573444802052e-4	6.057190507009708e-13
6.606934480076086e-4	6.342657100873208e-13
6.91830970918949e-4	6.641577320822e-13
7.244359600750032e-4	6.95458521672029e-13
7.585775750291975e-4	7.28234472028027e-13
7.94328234724296e-4	7.625551053353287e-13
8.317637711026862e-4	7.984932202585513e-13
8.709635899560957e-4	8.361250463578865e-13
9.120108393559256e-4	8.755304057816898e-13
9.549925860214525e-4	9.16792882580572e-13
0.0010000000000000174	9.59999999999996e-13
0.0010471285480509178	1.0052434061288746e-12
0.0010964781961432031	1.0526190682974982e-12
0.0011481536214969017	1.1022274766370244e-12
0.0012022644346174327	1.1541738572327367e-12
0.001258925411794188	1.2085683953224183e-12
0.001318256738556429	1.265526469014154e-12
0.0013803842646029063	1.3251688940188037e-12
0.00144543977074595	1.387622179916083e-12
0.001513561248436232	1.4530187984987915e-12
0.0015848931924611384	1.5214974647626688e-12
0.0016595869074375869	1.5932034311401078e-12
0.0017378008287494012	1.668288795599429e-12
0.0018197008586100104	1.7469128242656136e-12
0.0019054607179632755	1.8292422892447413e-12
0.0019952623149689093	1.9154518223701712e-12
0.0020892961308540707	2.0057242856198937e-12
0.0021877616239495833	2.100251158991592e-12
0.0022908676527678053	2.1992329466571053e-12
0.002398832919019524	2.3028796022587388e-12
0.0025118864315096154	2.4114109742492466e-12
0.002630267991895419	2.5250572722195897e-12
0.002754228703338203	2.644059555204672e-12
0.002884031503126644	2.7686702430015915e-12
0.003019951720402056	2.8991536515859204e-12
0.0031622776601684215	3.0357865537616607e-12
0.003311311214825955	3.1788587662329427e-12
0.003467368504525359	3.328673764344337e-12
0.0036307805477010582	3.485549325792998e-12
0.003801893963205659	3.649818204677422e-12
0.003981071705535022	3.8218288373137485e-12
0.0041686938347034064	4.001946081315792e-12
0.00436515832240171	4.190551989508024e-12
0.004570881896148803	4.388046620312935e-12
0.004786300923226439	4.594848886337174e-12
0.005011872336272781	4.811397442969567e-12
0.005248074602497787	5.0381516189151266e-12
0.0054954087385763045	5.2755923907467605e-12
0.005754399373371631	5.524223403820531e-12
0.006025595860743643	5.784572042395218e-12
0.0063095734448020005	6.057190552780183e-12
0.006606934480076032	6.3426572252713306e-12
0.006918309709189433	6.641577644352173e-12
0.007244359600749973	6.954586023479825e-12
0.007585775750291913	7.282346652797566e-12
0.007943282347242895	7.625555508234704e-12
0.008317637711026794	7.984942102491703e-12
0.008709635899560886	8.361271706927082e-12
0.00912010839355918	8.755348143194595e-12
0.009549925860214447	9.168017438898564e-12
0.010000000000000092	9.600172765026594e-12
0.010471285480509086	1.0052761223777686e-11
0.010964781961431946	1.0526793228281764e-11
0.011481536214968923	1.1023355399620097e-11
0.012022644346174229	1.1543628084708804e-11
0.012589254117941777	1.2088908749478521e-11
0.013182567385564175	1.2660642601765734e-11
0.013803842646028958	1.326046182585907e-11
0.014454397707459384	1.3890234751417687e-11
0.015135612484362196	1.4552126131990852e-11
0.015848931924611256	1.524866948846372e-11
0.016595869074375724	1.5982852216033117e-11
0.01737800828749388	1.6758213914137446e-11
0.018197008586099957	1.7578958245442287e-11
0.019054607179632598	1.8450078636489714e-11
0.01995262314968893	1.9377498368315194e-11
0.020892961308540525	2.0368226124969523e-11
0.021877616239495665	2.143052890454575e-11
0.022908676527677866	2.2574125360522175e-11
0.023988329190195046	2.3810404121351254e-11
0.02511886431509595	2.5152673414776913e-11
0.026302679918953964	2.6616450387656966e-11
0.027542287033381817	2.8219800871501313e-11
0.028840315031266203	2.9983743045572e-11
0.030199517204020317	3.193273159117713e-11
0.03162277660168396	3.409524267213532e-11
0.033113112148259266	3.650448464744191e-11
0.034673685045253325	3.919926513421502e-11
0.036307805477010284	4.222505229939753e-11
0.038018939632056284	4.563527759414045e-11
0.039810717055349894	4.949293923718011e-11
0.0416869383470337	5.387258149321628e-11
0.043651583224016764	5.886274535490606e-11
0.04570881896148766	6.456901319211744e-11
0.047863009232264	7.111780539527776e-11
0.0501187233627274	7.866113388660965e-11
0.05248074602497742	8.738257953973266e-11
0.05495408738576262	9.750484345616583e-11
0.05754399373371584	1.0929933321006023e-10
0.06025595860743593	1.2309839506476545e-10
0.0630957344480195	1.3931100647943826e-10
0.06606934480075974	1.5844302070082304e-10
0.0691830970918938	1.811234363425685e-10
0.07244359600749914	2.0813869174636762e-10
0.07585775750291851	2.404777173246985e-10
0.07943282347242829	2.793915071335088e-10
0.08317637711026721	3.264724224799828e-10
0.08709635899560819	3.837605053473009e-10
0.09120108393559107	4.538870399703926e-10
0.09549925860214369	5.402698797547325e-10
0.10000000000000007	6.473812927484521e-10
0.10471285480509002	7.811182462155891e-10
0.10964781961431856	9.493186487893426e-10
0.11481536214968832	1.1624874268777568e-9
0.12022644346174131	1.4348270865222388e-9
0.12589254117941673	1.7857143996577724e-9
0.13182567385564067	2.2418373442183146e-9
0.13803842646028847	2.840319472197314e-9
0.14454397707459268	3.633337145880377e-9
0.1513561248436207	4.695019477778316e-9
0.1584893192461112	6.1318800129531774e-9
0.16595869074375594	8.098779983247185e-9
0.1737800828749374	1.0823666552236369e-8
0.18197008586099822	1.4646417328857772e-8
0.19054607179632457	2.008067730187504e-8
0.19952623149688783	2.7913716063202783e-8
0.2089296130854038	3.93701065870058e-8
0.21877616239495512	5.638422591533184e-8
0.22908676527677718	8.206135997252023e-8
0.23988329190194893	1.2147129552157563e-7
0.2511886431509579	1.8303854173697351e-7
0.2630267991895381	2.810231729652543e-7
0.2754228703338165	4.400341748124796e-7
0.2884031503126605	7.034077310826474e-7
0.30199517204020154	1.14909123505996e-6
0.31622776601683783	1.920427197857693e-6
