0.0031622776601683794	5.3038187803106916e-11
0.003758374042884443	4.811521611840708e-11
0.0044668359215096305	6.178830313168773e-11
0.005308844442309885	8.882380661726375e-11
0.00630957344480193	1.0801785584553703e-10
0.007498942093324558	1.1700534248687913e-10
0.008912509381337459	1.2688060033495755e-10
0.010592537251772886	1.8464616984807469e-10
0.012589254117941675	1.8285828682592576e-10
0.014962356560944336	2.9347991171353505e-10
0.01778279410038923	3.071930455744499e-10
0.021134890398366465	3.092491494649931e-10
0.025118864315095794	3.4419166859075645e-10
0.029853826189179603	5.058421117521133e-10
0.03548133892335755	6.049699682310359e-10
0.042169650342858224	9.55793026535693e-10
0.05011872336272722	1.747383759702317e-9
0.059566214352901034	2.7039639262754706e-9
0.0707945784384138	0.002922795200917204
