0.0031622776601683794	3.906312974377676e-11
0.003758374042884443	6.569072339215223e-11
0.0044668359215096305	6.149488915782848e-11
0.005308844442309885	6.294762382914393e-11
0.00630957344480193	8.775266327470583e-11
0.007498942093324558	1.0094423368635445e-10
0.008912509381337459	1.0323876755499181e-10
0.010592537251772886	1.0626652066233248e-10
0.012589254117941675	1.8934329770054022e-10
0.014962356560944336	1.829948138472049e-10
0.01778279410038923	2.5025029525620075e-10
0.021134890398366465	2.7372316333287455e-10
0.025118864315095794	3.500247309783959e-10
0.029853826189179603	4.156455285114152e-10
0.03548133892335755	3.298354670464393e-10
0.042169650342858224	5.130634725667567e-10
0.05011872336272722	6.598354552922041e-10
0.059566214352901034	6.079837495446998e-10
0.0707945784384138	8.085707762345643e-10
