0.0031622776601683794	4.74341649025257e-9
0.0031988951096913972	4.7983426645370965e-9
0.003235936569296284	4.853904853944427e-9
0.003273406948788383	4.910110423182575e-9
0.0033113112148259144	4.966966822238871e-9
0.0033496543915782794	5.024481587367419e-9
0.0033884415613920273	5.082662342088041e-9
0.0034276778654645083	5.1415167981967625e-9
0.00346736850452532	5.2010527567879806e-9
0.0035075187395256866	5.26127810928853e-9
0.0035481338923357606	5.322200838503641e-9
0.0035892193464500573	5.383829019675086e-9
0.0036307805477010214	5.446170821551532e-9
0.003672823004980854	5.50923450747128e-9
0.0037153522909717353	5.573028436457603e-9
0.003758374042884451	5.637561064326676e-9
0.0038018939632056205	5.702840944808431e-9
0.003845917820453547	5.768876730680321e-9
0.0038904514499428166	5.835677174914226e-9
0.003935500754557788	5.9032511318366835e-9
0.0039810717055349856	5.97160755830248e-9
0.004027170343254603	6.040755514881904e-9
0.004073802778041142	6.110704167061714e-9
0.004120975190973317	6.181462786459975e-9
0.004168693834703372	6.253040752055058e-9
0.004216965034285839	6.3254475514287584e-9
0.004265795188015943	6.398692782023916e-9
0.004315190768277672	6.472786152416508e-9
0.004365158322401679	6.547737483602518e-9
0.004415704473533148	6.6235567102997225e-9
0.004466835921509653	6.70025388226448e-9
0.004518559443749245	6.777839165623868e-9
0.004570881896148776	6.856322844223164e-9
0.004623810213992627	6.9357153209889415e-9
0.00467735141287201	7.016027119308016e-9
0.004731512589614832	7.097268884422248e-9
0.00478630092322641	7.179451384839616e-9
0.004841723675841024	7.262585513761536e-9
0.004897788193684491	7.346682290526736e-9
0.0049545019080479355	7.431752862071905e-9
0.005011872336272756	7.517808504409136e-9
0.005069907082747076	7.604860624120613e-9
0.005128613839913685	7.692920759870526e-9
0.005188000389289646	7.78200058393447e-9
0.005248074602497766	7.87211190374665e-9
0.005308844442309922	7.963266663464884e-9
0.005370317963702565	8.05547694555385e-9
0.005432503314924375	8.148754972386563e-9
0.005495408738576287	8.24311310786443e-9
0.005559042572704082	8.338563859056126e-9
0.005623413251903537	8.435119877855306e-9
0.00568852930843846	8.532793962657689e-9
0.0057543993733716195	8.631599060057429e-9
0.005821032177708764	8.731548266563148e-9
0.0058884365535559445	8.832654830333917e-9
0.005956621435290159	8.93493215293524e-9
0.00602559586074363	9.038393791115444e-9
0.00609536897240175	9.143053458602625e-9
0.006165950018614879	9.248925027922319e-9
0.006237348354824255	9.356022532236383e-9
0.0063095734448019945	9.464360167202994e-9
0.006382634861905548	9.573952292858324e-9
0.006456542290346622	9.684813435519933e-9
0.006531305526474789	9.796958289712184e-9
0.006606934480076032	9.910401720114048e-9
0.0066834391756862175	1.0025158763529327e-8
0.006760829753919888	1.0141244630879833e-8
0.006839116472814369	1.0258674709221553e-8
0.006918309709189441	1.0377464563784162e-8
0.006998419960022817	1.0497629940034225e-8
0.00707945784384146	1.0619186765762191e-8
0.007161434102129101	1.074215115319365e-8
0.007244359600749988	1.0866539401124982e-8
0.007328245331389127	1.099236799708369e-8
0.007413102413009268	1.1119653619513904e-8
0.007498942093324651	1.1248413139986976e-8
0.007585775750291929	1.1378663625437892e-8
0.0076736148936182875	1.151042234042743e-8
0.0077624711662870145	1.1643706749430524e-8
0.007852356346100823	1.1778534519151234e-8
0.00794328234724292	1.191492352086438e-8
0.008035261221856277	1.2052891832784414e-8
0.008128305161641104	1.2192457742461657e-8
0.008222426499470822	1.2333639749206232e-8
0.008317637711026827	1.247645656654024e-8
0.008413951416452068	1.2620927124678104e-8
0.00851138038202388	1.2767070573035822e-8
0.00860993752184613	1.2914906282769196e-8
0.00870963589956093	1.3064453849341397e-8
0.008810488730080272	1.321573309512041e-8
0.008912509381337587	1.3368764072006381e-8
0.0090157113760597	1.3523567064089552e-8
0.009120108393559237	1.3680162590338856e-8
0.00922571427154777	1.3838571407321655e-8
0.009332543007970057	1.3998814511955086e-8
0.009440608762859381	1.4160913144289074e-8
0.009549925860214506	1.4324888790321759e-8
0.009660508789898289	1.4490763184847437e-8
0.009772372209558261	1.4658558314337395e-8
0.009885530946569552	1.4828296419854329e-8
0.010000000000000163	1.5000000000000247e-8
0.010115794542599154	1.5173691813898734e-8
0.010232929922807714	1.5349394884211573e-8
0.010351421666793611	1.552713250019042e-8
0.010471285480509173	1.570692822076376e-8
0.01059253725177307	1.5888805877659605e-8
0.01071519305237625	1.6072789578564376e-8
0.010839269140212228	1.6258903710318345e-8
0.010964781961432041	1.6447172942148064e-8
0.011091748152624207	1.6637622228936308e-8
0.011220184543019837	1.683027681452976e-8
0.011350108156723358	1.702516223508504e-8
0.01148153621496904	1.722230432245356e-8
0.01161448613840364	1.742172920760546e-8
0.011748975549395514	1.7623463324093272e-8
0.011885022274370409	1.782753341155561e-8
0.012022644346174359	1.8033966519261538e-8
0.012161860006463915	1.8242790009695876e-8
0.01230268770812405	1.8454031562186078e-8
0.012445146117714093	1.866771917657114e-8
0.01258925411794192	1.888388117691288e-8
0.01273503081016687	1.910254621525031e-8
0.012882495516931599	1.93237432753974e-8
0.013031667784523254	1.9547501676784884e-8
0.013182567385564337	1.9773851078346502e-8
0.013335214321633513	2.0002821482450273e-8
0.013489628825916816	2.0234443238875222e-8
0.013645831365889531	2.04687470488343e-8
0.013803842646029135	2.0705763969043706e-8
0.01396368361055967	2.0945525415839508e-8
0.014125375446227844	2.118806316934177e-8
0.014288939585111337	2.1433409377667002e-8
0.01445439770745959	2.1681596561189386e-8
0.014621771744567497	2.1932657616851243e-8
0.014791083881682397	2.2186625822523594e-8
0.014962356560944665	2.2443534841417e-8
0.01513561248436242	2.270341872654363e-8
0.015310874616820647	2.2966311925230968e-8
0.01548816618912516	2.323224928368774e-8
0.015667510701081844	2.3501266051622772e-8
0.0158489319246115	2.377339788691725e-8
0.016032453906900786	2.4048680860351177e-8
0.01621810097358968	2.432715146038452e-8
0.016405897731995772	2.460884659799366e-8
0.016595869074375994	2.4893803611563993e-8
0.016788040181226	2.5182060271839e-8
0.01698243652461785	2.547365478692677e-8
0.0171790838715763	2.5768625807364452e-8
0.01737800828749417	2.6067012431241257e-8
0.017579236139587354	2.636885420938103e-8
0.017782794100389663	2.6674191150584494e-8
0.017988709151288324	2.698306372693249e-8
0.01819700858610029	2.729551287915044e-8
0.018407720014690016	2.761158002203502e-8
0.01862087136662914	2.7931307049943712e-8
0.018836490894898483	2.8254736342347727e-8
0.01905460717963296	2.8581910769449443e-8
0.01927524913190986	2.891287369786479e-8
0.019498445997580955	2.9247668996371432e-8
0.01972422736114905	2.9586341041723573e-8
0.01995262314968932	2.992893472453398e-8
0.020183663636816142	3.027549545522421e-8
0.02041737944669584	3.062606917004376e-8
0.02065380155810584	3.098070233715877e-8
0.020892961308540955	3.133944196281144e-8
0.021134890398367037	3.1702335597550555e-8
0.021379620895022905	3.2069431342534356e-8
0.021627185237270797	3.24407778559062e-8
0.021877616239496123	3.2816424359244186e-8
0.022130947096056987	3.3196420644085484e-8
0.02238721138568402	3.3580817078526035e-8
0.022646443075931232	3.396966461389685e-8
0.02290867652767838	3.436301479151757e-8
0.023173946499685436	3.476091974952815e-8
0.023442288153199885	3.5163432229799834e-8
0.02371373705661723	3.5570605584925846e-8
0.023988329190195598	3.59824937852934e-8
0.024266100950824862	3.6399151426237295e-8
0.024547089156851012	3.682063373527652e-8
0.02483133105295643	3.724699657943465e-8
0.02511886431509654	3.767829647264481e-8
0.025409727055493804	3.8114590583240705e-8
0.02570395782768941	3.855593674153412e-8
0.026001595631653492	3.9002393447480244e-8
0.02630267991895461	3.9454019878431916e-8
0.0266072505979889	3.9910875896983356e-8
0.02691534803926998	4.0373022058904975e-8
0.027227013080779964	4.0840519621169955e-8
0.027542287033382507	4.131343055007376e-8
0.027861211686298563	4.179181752944785e-8
0.028183829312645414	4.2275743968968126e-8
0.028510182675039988	4.2765274012559984e-8
0.02884031503126697	4.326047254690046e-8
0.029174270140012584	4.376140521001887e-8
0.02951209226666479	4.426813839999719e-8
0.02985382618918055	4.478073928377083e-8
0.030199517204021132	4.5299275806031695e-8
0.030549211132156123	4.5823816698234194e-8
0.0309029543251369	4.6354431487705346e-8
0.031260793671240565	4.689119050686085e-8
0.031622776601684825	4.7434164902527236e-8
0.03198895109691503	4.798342664537255e-8
0.0323593656929639	4.853904853944585e-8
0.0327340694878849	4.9101104231827357e-8
0.03311311214826021	4.966966822239033e-8
0.03349654391578389	5.0244815873675834e-8
0.0338844156139214	5.0826623420882107e-8
0.034276778654646206	5.141516798196931e-8
0.03467368504525434	5.2010527567881507e-8
0.035075187395257994	5.2612781092886985e-8
0.035481338923358766	5.3222008385038157e-8
0.035892193464501766	5.383829019675266e-8
0.0363078054770114	5.446170821551712e-8
0.03672823004980974	5.50923450747146e-8
0.03715352290971855	5.573028436457784e-8
0.03758374042884574	5.6375610643268607e-8
0.03801893963205747	5.70284094480862e-8
0.03845917820453673	5.768876730680511e-8
0.038904514499429436	5.835677174914415e-8
0.039355007545579156	5.9032511318368745e-8
0.03981071705535116	5.971607558302674e-8
0.04027170343254737	6.040755514882106e-8
0.04073802778041276	6.110704167061914e-8
0.04120975190973451	6.181462786460179e-8
0.04168693834703507	6.25304075205526e-8
0.04216965034285978	6.325447551428968e-8
0.042657951880160846	6.398692782024127e-8
0.043151907682778136	6.472786152416721e-8
0.043651583224018214	6.547737483602732e-8
0.0441570447353329	6.623556710299934e-8
0.04466835921509799	6.7002538822647e-8
0.045185594437493946	6.777839165624092e-8
0.04570881896148925	6.856322844223387e-8
0.04623810213992778	6.935715320989168e-8
0.046773514128721605	7.016027119308241e-8
0.04731512589614987	7.097268884422482e-8
0.04786300923226569	7.179451384839855e-8
0.04841723675841182	7.262585513761774e-8
0.04897788193684652	7.346682290526978e-8
0.04954501908048095	7.431752862072143e-8
0.0501187233627292	7.517808504409383e-8
0.050699070827472444	7.604860624120867e-8
0.05128613839913853	7.69292075987078e-8
0.051880003892898166	7.782000583934724e-8
0.05248074602497935	7.872111903746902e-8
0.05308844442310096	7.963266663465145e-8
0.05370317963702744	8.055476945554118e-8
0.05432503314924553	8.14875497238683e-8
0.054954087385764676	8.243113107864703e-8
0.05559042572704262	8.338563859056394e-8
0.05623413251903721	8.435119877855582e-8
0.05688529308438649	8.532793962657974e-8
0.057543993733718074	8.631599060057712e-8
0.05821032177708954	8.731548266563433e-8
0.05888436553556134	8.832654830334203e-8
0.05956621435290353	8.934932152935529e-8
0.060255958607438306	9.038393791115746e-8
0.06095368972401949	9.143053458602923e-8
0.06165950018615081	9.248925027922623e-8
0.06237348354824456	9.356022532236685e-8
0.06309573444802201	9.464360167203301e-8
0.0638263486190576	9.57395229285864e-8
0.06456542290346834	9.684813435520253e-8
0.06531305526475004	9.796958289712506e-8
0.06606934480076244	9.910401720114366e-8
0.06683439175686436	1.0025158763529655e-7
0.06760829753920113	1.0141244630880169e-7
0.06839116472814594	1.0258674709221891e-7
0.06918309709189667	1.0377464563784502e-7
0.06998419960023042	1.0497629940034564e-7
0.07079457843841692	1.0619186765762538e-7
0.07161434102129338	1.0742151153194006e-7
0.07244359600750225	1.0866539401125338e-7
0.07328245331389367	1.0992367997084055e-7
0.07413102413009506	1.111965361951426e-7
0.07498942093324895	1.1248413139987344e-7
0.07585775750292181	1.137866362543827e-7
0.07673614893618538	1.1510422340427808e-7
0.07762471166287269	1.1643706749430903e-7
0.07852356346101075	1.1778534519151613e-7
0.07943282347243179	1.1914923520864768e-7
0.08035261221856543	1.2052891832784815e-7
0.08128305161641369	1.2192457742462053e-7
0.0822242649947109	1.2333639749206637e-7
0.08317637711027095	1.2476456566540645e-7
