0.0031622776601683794	3.794733192202055e-11
0.0031988951096913972	3.838674131629676e-11
0.003235936569296284	3.8831238831555416e-11
0.003273406948788383	3.92808833854606e-11
0.0033113112148259144	3.9735734577910965e-11
0.0033496543915782794	4.019585269893935e-11
0.0033884415613920273	4.066129873670433e-11
0.0034276778654645083	4.11321343855741e-11
0.00346736850452532	4.1608422054303844e-11
0.0035075187395256866	4.2090224874308246e-11
0.0035481338923357606	4.257760670802913e-11
0.0035892193464500573	4.307063215740068e-11
0.0036307805477010214	4.356936657241226e-11
0.003672823004980854	4.407387605977024e-11
0.0037153522909717353	4.458422749166083e-11
0.003758374042884451	4.510048851461342e-11
0.0038018939632056205	4.562272755846745e-11
0.003845917820453547	4.6151013845442563e-11
0.0038904514499428166	4.668541739931381e-11
0.003935500754557788	4.7226009054693464e-11
0.0039810717055349856	4.7772860466419834e-11
0.004027170343254603	4.832604411905524e-11
0.004073802778041142	4.888563333649372e-11
0.004120975190973317	4.94517022916798e-11
0.004168693834703372	5.002432601644046e-11
0.004216965034285839	5.0603580411430076e-11
0.004265795188015943	5.118954225619133e-11
0.004315190768277672	5.178228921933207e-11
0.004365158322401679	5.2381899868820156e-11
0.004415704473533148	5.298845368239778e-11
0.004466835921509653	5.360203105811585e-11
0.004518559443749245	5.422271332499094e-11
0.004570881896148776	5.485058275378532e-11
0.004623810213992627	5.548572256791153e-11
0.00467735141287201	5.612821695446413e-11
0.004731512589614832	5.6778151075377986e-11
0.00478630092322641	5.743561107871693e-11
0.004841723675841024	5.810068411009229e-11
0.004897788193684491	5.877345832421391e-11
0.0049545019080479355	5.945402289657523e-11
0.005011872336272756	6.014246803527308e-11
0.005069907082747076	6.08388849929649e-11
0.005128613839913685	6.154336607896422e-11
0.005188000389289646	6.225600467147576e-11
0.005248074602497766	6.29768952299732e-11
0.005308844442309922	6.370613330771907e-11
0.005370317963702565	6.44438155644308e-11
0.005432503314924375	6.51900397790925e-11
0.005495408738576287	6.594490486291544e-11
0.005559042572704082	6.670851087244899e-11
0.005623413251903537	6.748095902284245e-11
0.00568852930843846	6.82623517012615e-11
0.0057543993733716195	6.905279248045941e-11
0.005821032177708764	6.985238613250517e-11
0.0058884365535559445	7.066123864267134e-11
0.005956621435290159	7.14794572234819e-11
0.00602559586074363	7.230715032892355e-11
0.00609536897240175	7.3144427668821e-11
0.006165950018614879	7.399140022337855e-11
0.006237348354824255	7.484818025789107e-11
0.0063095734448019945	7.571488133762394e-11
0.006382634861905548	7.659161834286658e-11
0.006456542290346622	7.747850748415946e-11
0.006531305526474789	7.837566631769748e-11
0.006606934480076032	7.928321376091239e-11
0.0066834391756862175	8.020127010823462e-11
0.006760829753919888	8.112995704703865e-11
0.006839116472814369	8.206939767377242e-11
0.006918309709189441	8.301971651027328e-11
0.006998419960022817	8.398103952027381e-11
0.00707945784384146	8.495349412609753e-11
0.007161434102129101	8.59372092255492e-11
0.007244359600749988	8.693231520899985e-11
0.007328245331389127	8.793894397666953e-11
0.007413102413009268	8.895722895611121e-11
0.007498942093324651	8.998730511989583e-11
0.007585775750291929	9.102930900350315e-11
0.0076736148936182875	9.208337872341944e-11
0.0077624711662870145	9.314965399544418e-11
0.007852356346100823	9.422827615320987e-11
0.00794328234724292	9.531938816691504e-11
0.008035261221856277	9.642313466227532e-11
0.008128305161641104	9.753966193969325e-11
0.008222426499470822	9.866911799364988e-11
0.008317637711026827	9.981165253232194e-11
0.008413951416452068	1.0096741699742483e-10
0.00851138038202388	1.0213656458428658e-10
0.00860993752184613	1.0331925026215356e-10
0.00870963589956093	1.0451563079473117e-10
0.008810488730080272	1.0572586476096326e-10
0.008912509381337587	1.0695011257605106e-10
0.0090157113760597	1.0818853651271641e-10
0.009120108393559237	1.0944130072271083e-10
0.00922571427154777	1.1070857125857325e-10
0.009332543007970057	1.119905160956407e-10
0.009440608762859381	1.1328730515431259e-10
0.009549925860214506	1.1459911032257409e-10
0.009660508789898289	1.159261054787795e-10
0.009772372209558261	1.1726846651469916e-10
0.009885530946569552	1.186263713588346e-10
0.010000000000000163	1.2000000000000196e-10
0.010115794542599154	1.2138953451118987e-10
0.010232929922807714	1.2279515907369257e-10
0.010351421666793611	1.2421706000152335e-10
0.010471285480509173	1.2565542576611007e-10
0.01059253725177307	1.2711044702127684e-10
0.01071519305237625	1.2858231662851497e-10
0.010839269140212228	1.3007122968254674e-10
0.010964781961432041	1.315773835371845e-10
0.011091748152624207	1.3310097783149046e-10
0.011220184543019837	1.3464221451623805e-10
0.011350108156723358	1.3620129788068027e-10
0.01148153621496904	1.377784345796285e-10
0.01161448613840364	1.3937383366084368e-10
0.011748975549395514	1.4098770659274618e-10
0.011885022274370409	1.4262026729244487e-10
0.012022644346174359	1.442717321540923e-10
0.012161860006463915	1.45942320077567e-10
0.01230268770812405	1.4763225249748862e-10
0.012445146117714093	1.4934175341256912e-10
0.01258925411794192	1.5107104941530307e-10
0.01273503081016687	1.5282036972200247e-10
0.012882495516931599	1.5458994620317922e-10
0.013031667784523254	1.5638001341427907e-10
0.013182567385564337	1.5819080862677204e-10
0.013335214321633513	1.6002257185960216e-10
0.013489628825916816	1.618755459110018e-10
0.013645831365889531	1.6374997639067437e-10
0.013803842646029135	1.6564611175234964e-10
0.01396368361055967	1.6756420332671604e-10
0.014125375446227844	1.6950450535473418e-10
0.014288939585111337	1.7146727502133605e-10
0.01445439770745959	1.7345277248951512e-10
0.014621771744567497	1.7546126093480998e-10
0.014791083881682397	1.7749300658018876e-10
0.014962356560944665	1.79548278731336e-10
0.01513561248436242	1.8162734981234904e-10
0.015310874616820647	1.8373049540184778e-10
0.01548816618912516	1.8585799426950197e-10
0.015667510701081844	1.8801012841298212e-10
0.0158489319246115	1.90187183095338e-10
0.016032453906900786	1.9238944688280944e-10
0.01621810097358968	1.9461721168307615e-10
0.016405897731995772	1.9687077278394928e-10
0.016595869074375994	1.9915042889251195e-10
0.016788040181226	2.0145648217471204e-10
0.01698243652461785	2.0378923829541418e-10
0.0171790838715763	2.061490064589156e-10
0.01737800828749417	2.0853609944993005e-10
0.017579236139587354	2.1095083367504826e-10
0.017782794100389663	2.1339352920467596e-10
0.017988709151288324	2.1586450981545996e-10
0.01819700858610029	2.183641030332035e-10
0.018407720014690016	2.208926401762802e-10
0.01862087136662914	2.2345045639954968e-10
0.018836490894898483	2.2603789073878182e-10
0.01905460717963296	2.2865528615559556e-10
0.01927524913190986	2.3130298958291834e-10
0.019498445997580955	2.339813519709715e-10
0.01972422736114905	2.366907283337886e-10
0.01995262314968932	2.394314777962719e-10
0.020183663636816142	2.422039636417937e-10
0.02041737944669584	2.450085533603501e-10
0.02065380155810584	2.4784561869727016e-10
0.020892961308540955	2.507155357024915e-10
0.021134890398367037	2.5361868478040447e-10
0.021379620895022905	2.5655545074027483e-10
0.021627185237270797	2.595262228472496e-10
0.021877616239496123	2.625313948739535e-10
0.022130947096056987	2.655713651526838e-10
0.02238721138568402	2.686465366282083e-10
0.022646443075931232	2.717573169111748e-10
0.02290867652767838	2.7490411833214053e-10
0.023173946499685436	2.7808735799622527e-10
0.023442288153199885	2.813074578383987e-10
0.02371373705661723	2.845648446794068e-10
0.023988329190195598	2.878599502823472e-10
0.024266100950824862	2.9119321140989837e-10
0.024547089156851012	2.945650698822122e-10
0.02483133105295643	2.979759726354772e-10
0.02511886431509654	3.014263717811585e-10
0.025409727055493804	3.049167246659257e-10
0.02570395782768941	3.0844749393227295e-10
0.026001595631653492	3.1201914757984185e-10
0.02630267991895461	3.156321590274554e-10
0.0266072505979889	3.1928700717586685e-10
0.02691534803926998	3.2298417647123977e-10
0.027227013080779964	3.267241569693596e-10
0.027542287033382507	3.305074444005901e-10
0.027861211686298563	3.3433454023558273e-10
0.028183829312645414	3.38205951751745e-10
0.028510182675039988	3.4212219210047983e-10
0.02884031503126697	3.4608378037520364e-10
0.029174270140012584	3.5009124168015103e-10
0.02951209226666479	3.541451071999775e-10
0.02985382618918055	3.5824591427016663e-10
0.030199517204021132	3.623942064482536e-10
0.030549211132156123	3.6659053358587356e-10
0.0309029543251369	3.708354519016428e-10
0.031260793671240565	3.751295240548868e-10
0.031622776601684825	3.7947331922021796e-10
0.03198895109691503	3.8386741316298044e-10
0.0323593656929639	3.883123883155668e-10
0.0327340694878849	3.928088338546188e-10
0.03311311214826021	3.973573457791226e-10
0.03349654391578389	4.019585269894067e-10
0.0338844156139214	4.066129873670568e-10
0.034276778654646206	4.1132134385575447e-10
0.03467368504525434	4.1608422054305204e-10
0.035075187395257994	4.2090224874309586e-10
0.035481338923358766	4.257760670803052e-10
0.035892193464501766	4.3070632157402126e-10
0.0363078054770114	4.356936657241369e-10
0.03672823004980974	4.4073876059771686e-10
0.03715352290971855	4.458422749166227e-10
0.03758374042884574	4.510048851461489e-10
0.03801893963205747	4.562272755846897e-10
0.03845917820453673	4.615101384544409e-10
0.038904514499429436	4.668541739931532e-10
0.039355007545579156	4.722600905469499e-10
0.03981071705535116	4.777286046642139e-10
0.04027170343254737	4.832604411905685e-10
0.04073802778041276	4.888563333649531e-10
0.04120975190973451	4.945170229168143e-10
0.04168693834703507	5.002432601644208e-10
0.04216965034285978	5.060358041143174e-10
0.042657951880160846	5.118954225619301e-10
0.043151907682778136	5.178228921933377e-10
0.043651583224018214	5.238189986882186e-10
0.0441570447353329	5.298845368239948e-10
0.04466835921509799	5.360203105811759e-10
0.045185594437493946	5.422271332499273e-10
0.04570881896148925	5.485058275378709e-10
0.04623810213992778	5.548572256791335e-10
0.046773514128721605	5.612821695446592e-10
0.04731512589614987	5.677815107537986e-10
0.04786300923226569	5.743561107871884e-10
0.04841723675841182	5.81006841100942e-10
0.04897788193684652	5.877345832421583e-10
0.04954501908048095	5.945402289657714e-10
0.0501187233627292	6.014246803527505e-10
0.050699070827472444	6.083888499296693e-10
0.05128613839913853	6.154336607896625e-10
0.051880003892898166	6.22560046714778e-10
0.05248074602497935	6.297689522997523e-10
0.05308844442310096	6.370613330772117e-10
0.05370317963702744	6.444381556443293e-10
0.05432503314924553	6.519003977909464e-10
0.054954087385764676	6.594490486291762e-10
0.05559042572704262	6.670851087245115e-10
0.05623413251903721	6.748095902284466e-10
0.05688529308438649	6.82623517012638e-10
0.057543993733718074	6.905279248046169e-10
0.05821032177708954	6.985238613250745e-10
0.05888436553556134	7.066123864267362e-10
0.05956621435290353	7.147945722348423e-10
0.060255958607438306	7.230715032892597e-10
0.06095368972401949	7.314442766882339e-10
0.06165950018615081	7.399140022338097e-10
0.06237348354824456	7.484818025789348e-10
0.06309573444802201	7.57148813376264e-10
0.0638263486190576	7.659161834286912e-10
0.06456542290346834	7.747850748416201e-10
0.06531305526475004	7.837566631770005e-10
0.06606934480076244	7.928321376091494e-10
0.06683439175686436	8.020127010823724e-10
0.06760829753920113	8.112995704704134e-10
0.06839116472814594	8.206939767377513e-10
0.06918309709189667	8.301971651027602e-10
0.06998419960023042	8.398103952027649e-10
0.07079457843841692	8.49534941261003e-10
0.07161434102129338	8.593720922555205e-10
0.07244359600750225	8.693231520900271e-10
0.07328245331389367	8.793894397667242e-10
0.07413102413009506	8.895722895611408e-10
0.07498942093324895	8.998730511989875e-10
0.07585775750292181	9.102930900350616e-10
0.07673614893618538	9.208337872342245e-10
0.07762471166287269	9.314965399544722e-10
0.07852356346101075	9.42282761532129e-10
0.07943282347243179	9.531938816691814e-10
0.08035261221856543	9.642313466227854e-10
0.08128305161641369	9.753966193969642e-10
0.0822242649947109	9.866911799365308e-10
0.08317637711027095	9.981165253232518e-10
