1.5848931924611142e-4	7.662902259889879e-10
2.23872113856834e-4	1.0073786309678942e-9
3.1622776601683794e-4	1.4229118018801209e-9
4.4668359215096305e-4	1.6348373704051605e-9
6.30957344480193e-4	3.0071794444940796e-9
8.912509381337459e-4	3.463076411498907e-9
0.0012589254117941675	6.289119739438055e-9
0.0017782794100389228	8.301329823549463e-9
0.0025118864315095794	1.030505946634524e-8
0.0035481338923357532	1.8682441902633096e-8
0.005011872336272725	2.015753244544606e-8
0.00707945784384138	2.994259133887024e-8
0.01	3.95776722979998e-8
0.01412537544622754	7.34139784575903e-8
0.0199526231496888	7.42658590851003e-8
0.028183829312644536	6.489388645382685e-4
0.039810717055349734	0.01417417492549107
0.05623413251903491	0.027380947477277314
0.07943282347242814	0.037887068789588585
0.11220184543019636	0.040416888383004786
0.15848931924611134	0.032944044685287215
0.22387211385683395	0.03639549051710201
0.31622776601683794	0.0377866523451137
