1.5848931924611142e-4	1.521497464762596e-11
1.6595869074375615e-4	1.5932034311402683e-11
1.7378008287493782e-4	1.6682887955995314e-11
1.8197008586099862e-4	1.7469128242657155e-11
1.9054607179632522e-4	1.829242289244289e-11
1.995262314968887e-4	1.9154518223699523e-11
2.0892961308540471e-4	2.0057242856195576e-11
2.187761623949563e-4	2.1002511589910662e-11
2.290867652767784e-4	2.199232946656784e-11
2.3988329190195045e-4	2.3028796022592797e-11
2.5118864315095974e-4	2.4114109742493782e-11
2.6302679918954004e-4	2.5250572722198233e-11
2.7542287033381884e-4	2.644059555204409e-11
2.8840315031266293e-4	2.7686702430012264e-11
3.019951720402044e-4	2.8991536515855262e-11
3.162277660168412e-4	3.03578655376112e-11
3.311311214825945e-4	3.1788587662328544e-11
3.467368504525356e-4	3.32867376434419e-11
3.6307805477010547e-4	3.4855493257933306e-11
3.801893963205659e-4	3.6498182046771087e-11
3.981071705535026e-4	3.821828837313869e-11
4.1686938347034103e-4	4.0019460813149264e-11
4.3651583224017234e-4	4.190551989505878e-11
4.570881896148817e-4	4.388046620302941e-11
4.7863009232264586e-4	4.5948488862978333e-11
5.011872336272807e-4	4.811397442821737e-11
5.248074602497814e-4	5.038151618397904e-11
5.495408738576344e-4	5.275592389033008e-11
5.754399373371673e-4	5.524223398436199e-11
6.025595860743692e-4	5.784572026314232e-11
6.309573444802052e-4	6.057190507009709e-11
6.606934480076086e-4	6.342657100873207e-11
6.91830970918949e-4	6.641577320822001e-11
7.244359600750032e-4	6.954585216720288e-11
7.585775750291975e-4	7.282344720280271e-11
7.94328234724296e-4	7.625551053353287e-11
8.317637711026862e-4	7.984932202585513e-11
8.709635899560957e-4	8.361250463578866e-11
9.120108393559256e-4	8.755304057816899e-11
9.549925860214525e-4	9.167928825805719e-11
0.0010000000000000174	9.599999999999958e-11
0.0010471285480509178	1.0052434061288746e-10
0.0010964781961432031	1.0526190682974982e-10
0.0011481536214969017	1.1022274766370245e-10
0.0012022644346174327	1.1541738572327366e-10
0.001258925411794188	1.2085683953224184e-10
0.001318256738556429	1.265526469014154e-10
0.0013803842646029063	1.3251688940188036e-10
0.00144543977074595	1.387622179916083e-10
0.001513561248436232	1.4530187984987916e-10
0.0015848931924611384	1.5214974647626687e-10
0.0016595869074375869	1.5932034311401077e-10
0.0017378008287494012	1.6682887955994292e-10
0.0018197008586100104	1.7469128242656135e-10
0.0019054607179632755	1.8292422892447412e-10
0.0019952623149689093	1.9154518223701715e-10
0.0020892961308540707	2.0057242856198937e-10
0.0021877616239495833	2.1002511589915923e-10
0.0022908676527678053	2.1992329466571051e-10
0.002398832919019524	2.3028796022587387e-10
0.0025118864315096154	2.411410974249247e-10
0.002630267991895419	2.5250572722195894e-10
0.002754228703338203	2.6440595552046726e-10
0.002884031503126644	2.768670243001591e-10
0.003019951720402056	2.899153651585921e-10
0.0031622776601684215	3.035786553761661e-10
0.003311311214825955	3.178858766232942e-10
0.003467368504525359	3.3286737643443365e-10
0.0036307805477010582	3.4855493257929974e-10
0.003801893963205659	3.649818204677422e-10
0.003981071705535022	3.821828837313748e-10
0.0041686938347034064	4.001946081315791e-10
0.00436515832240171	4.190551989508024e-10
0.004570881896148803	4.3880466203129363e-10
0.004786300923226439	4.594848886337173e-10
0.005011872336272781	4.811397442969567e-10
0.005248074602497787	5.038151618915127e-10
0.0054954087385763045	5.275592390746761e-10
0.005754399373371631	5.524223403820531e-10
0.006025595860743643	5.784572042395219e-10
0.0063095734448020005	6.057190552780183e-10
0.006606934480076032	6.342657225271331e-10
0.006918309709189433	6.641577644352172e-10
0.007244359600749973	6.954586023479823e-10
0.007585775750291913	7.282346652797567e-10
0.007943282347242895	7.625555508234702e-10
0.008317637711026794	7.984942102491702e-10
0.008709635899560886	8.361271706927083e-10
0.00912010839355918	8.755348143194597e-10
0.009549925860214447	9.168017438898565e-10
0.010000000000000092	9.600172765026595e-10
0.010471285480509086	1.0052761223777687e-9
0.010964781961431946	1.0526793228281764e-9
0.011481536214968923	1.1023355399620098e-9
0.012022644346174229	1.1543628084708806e-9
0.012589254117941777	1.2088908749478523e-9
0.013182567385564175	1.2660642601765733e-9
0.013803842646028958	1.326046182585907e-9
0.014454397707459384	1.3890234751417687e-9
0.015135612484362196	1.455212613199085e-9
0.015848931924611256	1.524866948846372e-9
0.016595869074375724	1.5982852216033119e-9
0.01737800828749388	1.6758213914137448e-9
0.018197008586099957	1.7578958245442287e-9
0.019054607179632598	1.8450078636489714e-9
0.01995262314968893	1.9377498368315198e-9
0.020892961308540525	2.0368226124969525e-9
0.021877616239495665	2.143052890454575e-9
0.022908676527677866	2.2574125360522178e-9
0.023988329190195046	2.381040412135126e-9
0.02511886431509595	2.515267341477691e-9
0.026302679918953964	2.661645038765697e-9
0.027542287033381817	2.821980087150132e-9
0.028840315031266203	2.9983743045572e-9
0.030199517204020317	3.1932731591177123e-9
0.03162277660168396	3.4095242672135315e-9
0.033113112148259266	3.6504484647441907e-9
0.034673685045253325	3.919926513421503e-9
0.036307805477010284	4.222505229939753e-9
0.038018939632056284	4.5635277594140445e-9
0.039810717055349894	4.949293923718012e-9
0.0416869383470337	5.3872581493216285e-9
0.043651583224016764	5.8862745354906064e-9
0.04570881896148766	6.4569013192117415e-9
0.047863009232264	7.111780539527774e-9
0.0501187233627274	7.866113388660966e-9
0.05248074602497742	8.738257953973265e-9
0.05495408738576262	9.750484345616584e-9
0.05754399373371584	1.0929933321006021e-8
0.06025595860743593	1.2309839506476544e-8
0.0630957344480195	1.393110064794383e-8
0.06606934480075974	1.5844302070082305e-8
0.0691830970918938	1.8112343634256852e-8
0.07244359600749914	2.0813869174636768e-8
0.07585775750291851	2.4047771732469853e-8
0.07943282347242829	2.7939150713350887e-8
0.08317637711026721	3.264724224799828e-8
0.08709635899560819	3.837605053473008e-8
0.09120108393559107	4.538870399703926e-8
0.09549925860214369	5.402698797547325e-8
0.10000000000000007	6.473812927484522e-8
0.10471285480509002	7.811182462155892e-8
0.10964781961431856	9.493186487893426e-8
0.11481536214968832	1.1624874268777569e-7
0.12022644346174131	1.4348270865222388e-7
0.12589254117941673	1.7857143996577722e-7
0.13182567385564067	2.2418373442183147e-7
0.13803842646028847	2.8403194721973147e-7
0.14454397707459268	3.6333371458803773e-7
0.1513561248436207	4.695019477778316e-7
0.1584893192461112	6.131880012953176e-7
0.16595869074375594	8.098779983247185e-7
0.1737800828749374	1.0823666552236369e-6
0.18197008586099822	1.4646417328857774e-6
0.19054607179632457	2.0080677301875042e-6
0.19952623149688783	2.791371606320278e-6
0.2089296130854038	3.937010658700579e-6
0.21877616239495512	5.638422591533184e-6
0.22908676527677718	8.206135997252025e-6
0.23988329190194893	1.2147129552157565e-5
0.2511886431509579	1.8303854173697354e-5
0.2630267991895381	2.8102317296525435e-5
0.2754228703338165	4.400341748124797e-5
0.2884031503126605	7.034077310826474e-5
0.30199517204020154	1.14909123505996e-4
0.31622776601683783	1.9204271978576928e-4
