3.9810717055349735e-4	4.5281773054540917e-13
5.623413251903491e-4	6.481616342905667e-13
7.943282347242813e-4	9.295658036190774e-13
0.001122018454301963	1.2761908993205935e-12
0.001584893192461114	1.7710651158720404e-12
0.00223872113856834	2.2134939264884347e-12
0.0031622776601683794	3.492751261181813e-12
0.0044668359215096305	5.113641680893095e-12
0.00630957344480193	6.296913527599533e-12
0.008912509381337459	9.894762865862418e-12
0.012589254117941675	1.4102805102444347e-11
0.01778279410038923	2.146497460832239e-11
0.025118864315095794	3.0837136529323855e-11
0.03548133892335755	4.603744588353007e-11
0.05011872336272722	1.0048668344026678e-10
0.0707945784384138	2.4646729617242913e-10
0.1	0.007778118332504346
0.14125375446227545	0.0372402342385488
0.19952623149688797	0.037665468481913746
0.28183829312644537	0.03852461895821968
