1.5848931924611142e-4	1.8034439589654132e-13
2.23872113856834e-4	1.830042574715727e-13
3.1622776601683794e-4	3.489737300061337e-13
4.4668359215096305e-4	4.31773886119702e-13
6.30957344480193e-4	5.89364576868335e-13
8.912509381337459e-4	8.340798968838534e-13
0.0012589254117941675	1.1515408488396621e-12
0.0017782794100389228	1.3509453823767555e-12
0.0025118864315095794	2.136018037229734e-12
0.0035481338923357532	3.1352667313562355e-12
0.005011872336272725	4.607291755591965e-12
0.00707945784384138	5.657928204317982e-12
0.01	8.080588923275171e-12
0.01412537544622754	1.1754632184446054e-11
0.0199526231496888	2.139740592272185e-11
0.028183829312644536	3.316061257852052e-11
0.039810717055349734	5.080387292981825e-11
0.05623413251903491	9.439129552261491e-11
0.07943282347242814	2.885982420374132e-10
0.11220184543019636	0.023793023240812863
0.15848931924611134	0.035940303310757905
0.22387211385683395	0.04365227924465622
0.31622776601683794	0.038243516999501154
