0.0031622776601683794	4.74341649025257e-11
0.0031988951096913972	4.7983426645370966e-11
0.003235936569296284	4.853904853944427e-11
0.003273406948788383	4.910110423182575e-11
0.0033113112148259144	4.966966822238871e-11
0.0033496543915782794	5.024481587367419e-11
0.0033884415613920273	5.0826623420880413e-11
0.0034276778654645083	5.141516798196762e-11
0.00346736850452532	5.2010527567879805e-11
0.0035075187395256866	5.26127810928853e-11
0.0035481338923357606	5.3222008385036413e-11
0.0035892193464500573	5.383829019675086e-11
0.0036307805477010214	5.446170821551532e-11
0.003672823004980854	5.50923450747128e-11
0.0037153522909717353	5.573028436457603e-11
0.003758374042884451	5.637561064326676e-11
0.0038018939632056205	5.7028409448084315e-11
0.003845917820453547	5.7688767306803204e-11
0.0038904514499428166	5.835677174914226e-11
0.003935500754557788	5.903251131836684e-11
0.0039810717055349856	5.97160755830248e-11
0.004027170343254603	6.040755514881904e-11
0.004073802778041142	6.110704167061714e-11
0.004120975190973317	6.181462786459975e-11
0.004168693834703372	6.253040752055057e-11
0.004216965034285839	6.325447551428758e-11
0.004265795188015943	6.398692782023915e-11
0.004315190768277672	6.472786152416508e-11
0.004365158322401679	6.547737483602519e-11
0.004415704473533148	6.623556710299722e-11
0.004466835921509653	6.70025388226448e-11
0.004518559443749245	6.777839165623868e-11
0.004570881896148776	6.856322844223164e-11
0.004623810213992627	6.935715320988941e-11
0.00467735141287201	7.016027119308016e-11
0.004731512589614832	7.097268884422247e-11
0.00478630092322641	7.179451384839616e-11
0.004841723675841024	7.262585513761537e-11
0.004897788193684491	7.346682290526736e-11
0.0049545019080479355	7.431752862071905e-11
0.005011872336272756	7.517808504409136e-11
0.005069907082747076	7.604860624120612e-11
0.005128613839913685	7.692920759870526e-11
0.005188000389289646	7.78200058393447e-11
0.005248074602497766	7.87211190374665e-11
0.005308844442309922	7.963266663464883e-11
0.005370317963702565	8.05547694555385e-11
0.005432503314924375	8.148754972386562e-11
0.005495408738576287	8.243113107864431e-11
0.005559042572704082	8.338563859056125e-11
0.005623413251903537	8.435119877855306e-11
0.00568852930843846	8.532793962657689e-11
0.0057543993733716195	8.63159906005743e-11
0.005821032177708764	8.731548266563148e-11
0.0058884365535559445	8.832654830333917e-11
0.005956621435290159	8.93493215293524e-11
0.00602559586074363	9.038393791115444e-11
0.00609536897240175	9.143053458602625e-11
0.006165950018614879	9.248925027922318e-11
0.006237348354824255	9.356022532236383e-11
0.0063095734448019945	9.464360167202994e-11
0.006382634861905548	9.573952292858324e-11
0.006456542290346622	9.684813435519933e-11
0.006531305526474789	9.796958289712184e-11
0.006606934480076032	9.910401720114048e-11
0.0066834391756862175	1.0025158763529327e-10
0.006760829753919888	1.0141244630879833e-10
0.006839116472814369	1.0258674709221554e-10
0.006918309709189441	1.0377464563784161e-10
0.006998419960022817	1.0497629940034224e-10
0.00707945784384146	1.0619186765762191e-10
0.007161434102129101	1.0742151153193651e-10
0.007244359600749988	1.0866539401124981e-10
0.007328245331389127	1.099236799708369e-10
0.007413102413009268	1.1119653619513903e-10
0.007498942093324651	1.1248413139986977e-10
0.007585775750291929	1.1378663625437892e-10
0.0076736148936182875	1.1510422340427431e-10
0.0077624711662870145	1.1643706749430525e-10
0.007852356346100823	1.1778534519151235e-10
0.00794328234724292	1.191492352086438e-10
0.008035261221856277	1.2052891832784415e-10
0.008128305161641104	1.2192457742461658e-10
0.008222426499470822	1.233363974920623e-10
0.008317637711026827	1.247645656654024e-10
0.008413951416452068	1.2620927124678103e-10
0.00851138038202388	1.2767070573035821e-10
0.00860993752184613	1.2914906282769197e-10
0.00870963589956093	1.3064453849341398e-10
0.008810488730080272	1.321573309512041e-10
0.008912509381337587	1.336876407200638e-10
0.0090157113760597	1.3523567064089552e-10
0.009120108393559237	1.3680162590338857e-10
0.00922571427154777	1.3838571407321654e-10
0.009332543007970057	1.3998814511955087e-10
0.009440608762859381	1.4160913144289074e-10
0.009549925860214506	1.432488879032176e-10
0.009660508789898289	1.4490763184847436e-10
0.009772372209558261	1.4658558314337395e-10
0.009885530946569552	1.4828296419854329e-10
0.010000000000000163	1.5000000000000248e-10
0.010115794542599154	1.5173691813898733e-10
0.010232929922807714	1.5349394884211573e-10
0.010351421666793611	1.5527132500190418e-10
0.010471285480509173	1.5706928220763758e-10
0.01059253725177307	1.5888805877659605e-10
0.01071519305237625	1.6072789578564377e-10
0.010839269140212228	1.6258903710318345e-10
0.010964781961432041	1.6447172942148064e-10
0.011091748152624207	1.6637622228936308e-10
0.011220184543019837	1.683027681452976e-10
0.011350108156723358	1.702516223508504e-10
0.01148153621496904	1.722230432245356e-10
0.01161448613840364	1.742172920760546e-10
0.011748975549395514	1.7623463324093272e-10
0.011885022274370409	1.782753341155561e-10
0.012022644346174359	1.803396651926154e-10
0.012161860006463915	1.8242790009695876e-10
0.01230268770812405	1.8454031562186079e-10
0.012445146117714093	1.866771917657114e-10
0.01258925411794192	1.888388117691288e-10
0.01273503081016687	1.910254621525031e-10
0.012882495516931599	1.93237432753974e-10
0.013031667784523254	1.9547501676784883e-10
0.013182567385564337	1.97738510783465e-10
0.013335214321633513	2.0002821482450274e-10
0.013489628825916816	2.0234443238875221e-10
0.013645831365889531	2.04687470488343e-10
0.013803842646029135	2.0705763969043705e-10
0.01396368361055967	2.094552541583951e-10
0.014125375446227844	2.118806316934177e-10
0.014288939585111337	2.1433409377667002e-10
0.01445439770745959	2.1681596561189385e-10
0.014621771744567497	2.1932657616851243e-10
0.014791083881682397	2.2186625822523593e-10
0.014962356560944665	2.2443534841416998e-10
0.01513561248436242	2.2703418726543632e-10
0.015310874616820647	2.296631192523097e-10
0.01548816618912516	2.3232249283687741e-10
0.015667510701081844	2.350126605162277e-10
0.0158489319246115	2.3773397886917246e-10
0.016032453906900786	2.404868086035118e-10
0.01621810097358968	2.432715146038452e-10
0.016405897731995772	2.460884659799366e-10
0.016595869074375994	2.4893803611563995e-10
0.016788040181226	2.5182060271839e-10
0.01698243652461785	2.547365478692677e-10
0.0171790838715763	2.576862580736445e-10
0.01737800828749417	2.6067012431241256e-10
0.017579236139587354	2.636885420938103e-10
0.017782794100389663	2.6674191150584496e-10
0.017988709151288324	2.698306372693249e-10
0.01819700858610029	2.729551287915044e-10
0.018407720014690016	2.761158002203502e-10
0.01862087136662914	2.7931307049943714e-10
0.018836490894898483	2.8254736342347727e-10
0.01905460717963296	2.858191076944944e-10
0.01927524913190986	2.891287369786479e-10
0.019498445997580955	2.924766899637143e-10
0.01972422736114905	2.9586341041723573e-10
0.01995262314968932	2.992893472453398e-10
0.020183663636816142	3.0275495455224213e-10
0.02041737944669584	3.062606917004376e-10
0.02065380155810584	3.0980702337158766e-10
0.020892961308540955	3.1339441962811436e-10
0.021134890398367037	3.1702335597550553e-10
0.021379620895022905	3.2069431342534357e-10
0.021627185237270797	3.24407778559062e-10
0.021877616239496123	3.281642435924419e-10
0.022130947096056987	3.319642064408548e-10
0.02238721138568402	3.3580817078526036e-10
0.022646443075931232	3.396966461389685e-10
0.02290867652767838	3.4363014791517567e-10
0.023173946499685436	3.4760919749528155e-10
0.023442288153199885	3.5163432229799833e-10
0.02371373705661723	3.5570605584925843e-10
0.023988329190195598	3.59824937852934e-10
0.024266100950824862	3.6399151426237294e-10
0.024547089156851012	3.682063373527652e-10
0.02483133105295643	3.7246996579434646e-10
0.02511886431509654	3.767829647264481e-10
0.025409727055493804	3.8114590583240703e-10
0.02570395782768941	3.8555936741534115e-10
0.026001595631653492	3.900239344748024e-10
0.02630267991895461	3.9454019878431915e-10
0.0266072505979889	3.9910875896983354e-10
0.02691534803926998	4.0373022058904975e-10
0.027227013080779964	4.0840519621169954e-10
0.027542287033382507	4.131343055007376e-10
0.027861211686298563	4.179181752944785e-10
0.028183829312645414	4.2275743968968125e-10
0.028510182675039988	4.2765274012559985e-10
0.02884031503126697	4.326047254690046e-10
0.029174270140012584	4.376140521001887e-10
0.02951209226666479	4.4268138399997186e-10
0.02985382618918055	4.478073928377083e-10
0.030199517204021132	4.5299275806031693e-10
0.030549211132156123	4.5823816698234196e-10
0.0309029543251369	4.635443148770535e-10
0.031260793671240565	4.689119050686085e-10
0.031622776601684825	4.743416490252723e-10
0.03198895109691503	4.798342664537255e-10
0.0323593656929639	4.853904853944585e-10
0.0327340694878849	4.910110423182736e-10
0.03311311214826021	4.966966822239033e-10
0.03349654391578389	5.024481587367583e-10
0.0338844156139214	5.082662342088211e-10
0.034276778654646206	5.141516798196931e-10
0.03467368504525434	5.20105275678815e-10
0.035075187395257994	5.261278109288698e-10
0.035481338923358766	5.322200838503816e-10
0.035892193464501766	5.383829019675266e-10
0.0363078054770114	5.446170821551712e-10
0.03672823004980974	5.50923450747146e-10
0.03715352290971855	5.573028436457784e-10
0.03758374042884574	5.637561064326861e-10
0.03801893963205747	5.70284094480862e-10
0.03845917820453673	5.768876730680511e-10
0.038904514499429436	5.835677174914415e-10
0.039355007545579156	5.903251131836875e-10
0.03981071705535116	5.971607558302674e-10
0.04027170343254737	6.040755514882106e-10
0.04073802778041276	6.110704167061915e-10
0.04120975190973451	6.181462786460179e-10
0.04168693834703507	6.253040752055261e-10
0.04216965034285978	6.325447551428969e-10
0.042657951880160846	6.398692782024127e-10
0.043151907682778136	6.472786152416721e-10
0.043651583224018214	6.547737483602732e-10
0.0441570447353329	6.623556710299934e-10
0.04466835921509799	6.7002538822647e-10
0.045185594437493946	6.777839165624092e-10
0.04570881896148925	6.856322844223387e-10
0.04623810213992778	6.935715320989168e-10
0.046773514128721605	7.016027119308241e-10
0.04731512589614987	7.097268884422483e-10
0.04786300923226569	7.179451384839854e-10
0.04841723675841182	7.262585513761774e-10
0.04897788193684652	7.346682290526978e-10
0.04954501908048095	7.431752862072143e-10
0.0501187233627292	7.517808504409383e-10
0.050699070827472444	7.604860624120866e-10
0.05128613839913853	7.69292075987078e-10
0.051880003892898166	7.782000583934725e-10
0.05248074602497935	7.872111903746902e-10
0.05308844442310096	7.963266663465146e-10
0.05370317963702744	8.055476945554118e-10
0.05432503314924553	8.148754972386829e-10
0.054954087385764676	8.243113107864703e-10
0.05559042572704262	8.338563859056394e-10
0.05623413251903721	8.435119877855582e-10
0.05688529308438649	8.532793962657974e-10
0.057543993733718074	8.631599060057712e-10
0.05821032177708954	8.731548266563433e-10
0.05888436553556134	8.832654830334203e-10
0.05956621435290353	8.934932152935529e-10
0.060255958607438306	9.038393791115746e-10
0.06095368972401949	9.143053458602923e-10
0.06165950018615081	9.248925027922624e-10
0.06237348354824456	9.356022532236685e-10
0.06309573444802201	9.464360167203301e-10
0.0638263486190576	9.57395229285864e-10
0.06456542290346834	9.684813435520253e-10
0.06531305526475004	9.796958289712506e-10
0.06606934480076244	9.910401720114365e-10
0.06683439175686436	1.0025158763529655e-9
0.06760829753920113	1.0141244630880168e-9
0.06839116472814594	1.0258674709221891e-9
0.06918309709189667	1.0377464563784503e-9
0.06998419960023042	1.0497629940034563e-9
0.07079457843841692	1.0619186765762538e-9
0.07161434102129338	1.0742151153194006e-9
0.07244359600750225	1.0866539401125337e-9
0.07328245331389367	1.0992367997084054e-9
0.07413102413009506	1.111965361951426e-9
0.07498942093324895	1.1248413139987345e-9
0.07585775750292181	1.137866362543827e-9
0.07673614893618538	1.1510422340427807e-9
0.07762471166287269	1.1643706749430904e-9
0.07852356346101075	1.1778534519151614e-9
0.07943282347243179	1.1914923520864768e-9
0.08035261221856543	1.2052891832784815e-9
0.08128305161641369	1.2192457742462054e-9
0.0822242649947109	1.2333639749206637e-9
0.08317637711027095	1.2476456566540646e-9
