1.5848931924611142e-4	2.1170497227595773e-12
2.23872113856834e-4	3.2225490905003837e-12
3.1622776601683794e-4	3.887942972818477e-12
4.4668359215096305e-4	5.114454631416665e-12
6.30957344480193e-4	1.0425999475259525e-11
8.912509381337459e-4	1.621892044754782e-11
0.0012589254117941675	1.5145848539736792e-11
0.0017782794100389228	2.4860551062255086e-11
0.0025118864315095794	3.903321262025677e-11
0.0035481338923357532	5.6216102592505136e-11
0.005011872336272725	8.979442932603885e-11
0.00707945784384138	1.0622335095735934e-10
0.01	1.698800733223833e-10
0.01412537544622754	2.1871540082891283e-10
0.0199526231496888	2.7138098932522836e-10
0.028183829312644536	4.370610528397566e-10
0.039810717055349734	6.107181273219107e-10
0.05623413251903491	1.602851925382284e-9
0.07943282347242814	0.007679466723808658
0.11220184543019636	0.03789114055012914
0.15848931924611134	0.03692054320551854
0.22387211385683395	0.0430196758981945
0.31622776601683794	0.045994068850340526
