3.9810717055349735e-4	2.582561921676604e-11
5.623413251903491e-4	5.0258346929468395e-11
7.943282347242813e-4	6.060873334161665e-11
0.001122018454301963	7.417119958653771e-11
0.001584893192461114	1.0327367618529448e-10
0.00223872113856834	1.7209517888843093e-10
0.0031622776601683794	2.401451223872702e-10
0.0044668359215096305	3.432363558218102e-10
0.00630957344480193	6.454815606202835e-10
0.008912509381337459	7.562680447502531e-10
0.012589254117941675	1.2109819181481552e-9
0.01778279410038923	1.6496226152291246e-9
0.025118864315095794	1.8531454363779555e-9
0.03548133892335755	3.5272420560943067e-9
0.05011872336272722	6.9881630819751796e-9
0.0707945784384138	2.419748411633504e-8
0.1	0.0024820209826415525
0.14125375446227545	0.035611402066438855
0.19952623149688797	0.044384521352290075
0.28183829312644537	0.046140129642087455
