0.0031622776601683794	3.87990765911746e-9
0.003758374042884443	4.493509303476461e-9
0.0044668359215096305	5.406533680570503e-9
0.005308844442309885	6.461383766062488e-9
0.00630957344480193	6.749577143461232e-9
0.007498942093324558	1.025204419709436e-8
0.008912509381337459	1.174719755815697e-8
0.010592537251772886	1.3166231807071147e-8
0.012589254117941675	1.321545216204545e-8
0.014962356560944336	1.685316016789865e-8
0.01778279410038923	1.4177135425803726e-8
0.021134890398366465	2.2402972569487627e-8
0.025118864315095794	3.185707741865965e-8
0.029853826189179603	3.8091041169373016e-8
0.03548133892335755	5.539529275198467e-8
0.042169650342858224	7.344635286411452e-8
0.05011872336272722	8.931885698298964e-8
0.059566214352901034	1.1181383001484011e-7
0.0707945784384138	5.363279943539781e-4
