3.9810717055349735e-4	3.821828837314015e-13
4.168693834703355e-4	4.0019460813146347e-13
4.3651583224016654e-4	4.1905519895057315e-13
4.570881896148761e-4	4.3880466203026493e-13
4.786300923226395e-4	4.594848886297541e-13
5.01187233627274e-4	4.811397442821591e-13
5.248074602497745e-4	5.038151618398049e-13
5.49540873857627e-4	5.275592389033007e-13
5.754399373371602e-4	5.524223398436492e-13
6.025595860743611e-4	5.784572026314231e-13
6.309573444801969e-4	6.057190507009562e-13
6.606934480075998e-4	6.342657100873059e-13
6.918309709189405e-4	6.641577320822e-13
7.244359600749935e-4	6.95458521671985e-13
7.585775750291874e-4	7.28234472028027e-13
7.943282347242854e-4	7.62555105335314e-13
8.317637711026751e-4	7.984932202585368e-13
8.70963589956085e-4	8.361250463578572e-13
9.120108393559134e-4	8.755304057816314e-13
9.549925860214398e-4	9.167928825805281e-13
0.0010000000000000041	9.599999999999664e-13
0.001047128548050904	1.0052434061288599e-12
0.0010964781961431895	1.0526190682974693e-12
0.0011481536214968864	1.1022274766369805e-12
0.0012022644346174167	1.1541738572327367e-12
0.0012589254117941714	1.2085683953223894e-12
0.0013182567385564114	1.2655264690141398e-12
0.0013803842646028894	1.3251688940187596e-12
0.001445439770745931	1.3876221799160682e-12
0.0015135612484362118	1.4530187984987335e-12
0.0015848931924611173	1.5214974647626543e-12
0.0016595869074375648	1.5932034311400638e-12
0.00173780082874938	1.6682887955994146e-12
0.0018197008586099863	1.7469128242655986e-12
0.0019054607179632501	1.8292422892447122e-12
0.001995262314968883	1.915451822370142e-12
0.002089296130854043	2.0057242856198642e-12
0.0021877616239495564	2.1002511589915776e-12
0.0022908676527677745	2.1992329466570475e-12
0.0023988329190194925	2.3028796022587242e-12
0.002511886431509582	2.4114109742491885e-12
0.0026302679918953843	2.5250572722195457e-12
0.002754228703338169	2.644059555204613e-12
0.002884031503126606	2.7686702430015333e-12
0.003019951720402016	2.8991536515858768e-12
0.0031622776601683794	3.0357865537616462e-12
0.003311311214825911	3.1788587662328833e-12
0.0034673685045253167	3.3286737643442932e-12
0.00363078054770101	3.4855493257929534e-12
0.003801893963205609	3.649818204677349e-12
0.003981071705534969	3.8218288373136895e-12
0.004168693834703351	4.001946081315733e-12
0.004365158322401657	4.190551989507981e-12
0.004570881896148743	4.3880466203128785e-12
0.004786300923226376	4.594848886337115e-12
0.005011872336272715	4.811397442969525e-12
0.005248074602497718	5.038151618915054e-12
0.005495408738576237	5.275592390746717e-12
0.0057543993733715545	5.5242234038204435e-12
0.006025595860743562	5.78457204239516e-12
0.006309573444801917	6.057190552780095e-12
0.006606934480075944	6.3426572252712425e-12
0.006918309709189349	6.641577644352071e-12
0.007244359600749877	6.954586023479751e-12
0.0075857757502918125	7.282346652797482e-12
0.00794328234724279	7.625555508234616e-12
0.008317637711026683	7.9849421024916e-12
0.008709635899560779	8.361271706926981e-12
0.009120108393559059	8.755348143194495e-12
0.00954992586021432	9.168017438898446e-12
0.009999999999999959	9.600172765026463e-12
0.010471285480508952	1.005276122377757e-11
0.0109647819614318	1.0526793228281617e-11
0.011481536214968776	1.102335539961995e-11
0.01202264434617407	1.1543628084708659e-11
0.01258925411794161	1.2088908749478363e-11
0.013182567385564007	1.2660642601765574e-11
0.013803842646028774	1.3260461825858879e-11
0.014454397707459198	1.3890234751417511e-11
0.015135612484361995	1.4552126131990655e-11
0.015848931924611044	1.5248669488463522e-11
0.016595869074375512	1.598285221603292e-11
0.017378008287493647	1.6758213914137223e-11
0.01819700858609972	1.7578958245442038e-11
0.019054607179632345	1.845007863648945e-11
0.019952623149688667	1.9377498368314904e-11
0.020892961308540257	2.036822612496925e-11
0.021877616239495374	2.1430528904545437e-11
0.02290867652767757	2.257412536052185e-11
0.023988329190194727	2.3810404121350918e-11
0.025118864315095617	2.51526734147765e-11
0.026302679918953627	2.6616450387656527e-11
0.02754228703338145	2.8219800871500828e-11
0.028840315031265835	2.998374304557149e-11
0.030199517204019914	3.19327315911765e-11
0.031622776601683535	3.409524267213465e-11
0.03311311214825884	3.6504484647441206e-11
0.03467368504525287	3.919926513421421e-11
0.036307805477009826	4.2225052299396645e-11
0.03801893963205578	4.563527759413938e-11
0.039810717055349366	4.9492939237178943e-11
0.041686938347033166	5.387258149321496e-11
0.04365158322401619	5.886274535490455e-11
0.045708818961487076	6.45690131921157e-11
0.04786300923226336	7.111780539527572e-11
0.050118723362726735	7.866113388660737e-11
0.052480746024976745	8.738257953973007e-11
0.05495408738576189	9.750484345616272e-11
0.057543993733715104	1.0929933321005667e-10
0.06025595860743513	1.230983950647611e-10
0.06309573444801865	1.393110064794332e-10
0.0660693448007589	1.5844302070081728e-10
0.06918309709189288	1.8112343634256143e-10
0.07244359600749821	2.0813869174635953e-10
0.07585775750291751	2.4047771732468853e-10
0.07943282347242724	2.7939150713349643e-10
0.08317637711026615	3.264724224799683e-10
0.08709635899560703	3.837605053472824e-10
0.0912010839355899	4.5388703997037165e-10
0.09549925860214242	5.402698797547051e-10
0.09999999999999877	6.473812927484188e-10
0.10471285480508864	7.811182462155469e-10
0.1096478196143171	9.493186487892902e-10
0.11481536214968682	1.1624874268776878e-9
0.12022644346173975	1.434827086522154e-9
0.12589254117941506	1.7857143996576616e-9
0.13182567385563895	2.241837344218164e-9
0.1380384264602866	2.840319472197111e-9
0.1445439770745908	3.633337145880115e-9
0.15135612484361874	4.695019477777976e-9
0.15848931924610915	6.1318800129527e-9
0.16595869074375377	8.098779983246507e-9
0.17378008287493515	1.0823666552235549e-8
0.18197008586099583	1.4646417328856495e-8
0.1905460717963221	2.0080677301873214e-8
0.19952623149688523	2.7913716063200033e-8
0.2089296130854011	3.93701065870018e-8
0.2187761623949523	5.638422591532662e-8
0.22908676527677418	8.206135997251056e-8
0.2398832919019458	1.2147129552156536e-7
0.2511886431509546	1.830385417369472e-7
0.26302679918953464	2.8102317296522573e-7
0.27542287033381296	4.400341748124237e-7
0.28840315031265673	7.034077310825488e-7
0.3019951720401976	1.1490912350597548e-6
0.3162277660168337	1.9204271978572496e-6
