1.5848931924611142e-4	2.5839855692477327e-10
2.23872113856834e-4	3.329402794940097e-10
3.1622776601683794e-4	5.126162424299636e-10
4.4668359215096305e-4	6.563963435167854e-10
6.30957344480193e-4	8.49244680955611e-10
8.912509381337459e-4	1.2283213010779414e-9
0.0012589254117941675	1.8450262019605696e-9
0.0017782794100389228	2.9204964336292574e-9
0.0025118864315095794	3.945694766546107e-9
0.0035481338923357532	4.985678821526348e-9
0.005011872336272725	6.6341221015624905e-9
0.00707945784384138	1.0370373039158392e-8
0.01	1.5851674436708007e-8
0.01412537544622754	2.0004625198238012e-8
0.0199526231496888	3.209340759059526e-8
0.028183829312644536	4.135426869505953e-8
0.039810717055349734	8.67207870431586e-8
0.05623413251903491	1.8341982279080515e-7
0.07943282347242814	0.0022043515452247744
0.11220184543019636	0.031526255137966676
0.15848931924611134	0.038286025545325966
0.22387211385683395	0.041493546922479536
0.31622776601683794	0.04252600954132702
