0.0031622776601683794	5.067188603901895e-9
0.003758374042884443	5.194956969216836e-9
0.0044668359215096305	6.514934951211273e-9
0.005308844442309885	9.344471996796408e-9
0.00630957344480193	1.2028012928379749e-8
0.007498942093324558	1.0462263199659192e-8
0.008912509381337459	1.2024969426230586e-8
0.010592537251772886	1.5363354897998063e-8
0.012589254117941675	2.2964869377131175e-8
0.014962356560944336	2.1621572428509835e-8
0.01778279410038923	2.398458744234768e-8
0.021134890398366465	3.127884500265904e-8
0.025118864315095794	3.6825845801585377e-8
0.029853826189179603	5.024786653781792e-8
0.03548133892335755	4.2072218225081315e-8
0.042169650342858224	5.225262862295309e-8
0.05011872336272722	5.691542800639077e-8
0.059566214352901034	1.2170080397523418e-7
0.0707945784384138	0.015333731616218992
