1.5848931924611142e-4	2.377339788691556e-12
1.6595869074375615e-4	2.489380361156669e-12
1.7378008287493782e-4	2.6067012431242677e-12
1.8197008586099862e-4	2.7295512879151806e-12
1.9054607179632522e-4	2.8581910769442014e-12
1.995262314968887e-4	2.9928934724530497e-12
2.0892961308540471e-4	3.133944196280559e-12
2.187761623949563e-4	3.281642435923541e-12
2.290867652767784e-4	3.436301479151225e-12
2.3988329190195045e-4	3.5982493785301245e-12
2.5118864315095974e-4	3.767829647264654e-12
2.6302679918954004e-4	3.9454019878434735e-12
2.7542287033381884e-4	4.131343055006889e-12
2.8840315031266293e-4	4.326047254689416e-12
3.019951720402044e-4	4.529927580602385e-12
3.162277660168412e-4	4.74341649025175e-12
3.311311214825945e-4	4.966966822238836e-12
3.467368504525356e-4	5.201052756787799e-12
3.6307805477010547e-4	5.446170821552079e-12
3.801893963205659e-4	5.702840944807982e-12
3.981071705535026e-4	5.97160755830292e-12
4.1686938347034103e-4	6.253040752054574e-12
4.3651583224017234e-4	6.547737483602933e-12
4.570881896148817e-4	6.856322844223347e-12
4.7863009232264586e-4	7.179451384840364e-12
5.011872336272807e-4	7.517808504408963e-12
5.248074602497814e-4	7.872111903746725e-12
5.495408738576344e-4	8.243113107864073e-12
5.754399373371673e-4	8.631599060056562e-12
6.025595860743692e-4	9.038393791115985e-12
6.309573444802052e-4	9.464360167202669e-12
6.606934480076086e-4	9.910401720114387e-12
6.91830970918949e-4	1.0377464563784376e-11
7.244359600750032e-4	1.0866539401125453e-11
7.585775750291975e-4	1.1378663625437925e-11
7.94328234724296e-4	1.1914923520864511e-11
8.317637711026862e-4	1.2476456566539864e-11
8.709635899560957e-4	1.3064453849341975e-11
9.120108393559256e-4	1.3680162590338904e-11
9.549925860214525e-4	1.4324888790321438e-11
0.0010000000000000174	1.4999999999999935e-11
0.0010471285480509178	1.5706928220763662e-11
0.0010964781961432031	1.6447172942148408e-11
0.0011481536214969017	1.7222304322453506e-11
0.0012022644346174327	1.803396651926151e-11
0.001258925411794188	1.8883881176912786e-11
0.001318256738556429	1.9773851078346156e-11
0.0013803842646029063	2.070576396904381e-11
0.00144543977074595	2.1681596561188796e-11
0.001513561248436232	2.2703418726543617e-11
0.0015848931924611384	2.37733978869167e-11
0.0016595869074375869	2.489380361156418e-11
0.0017378008287494012	2.6067012431241084e-11
0.0018197008586100104	2.729551287915021e-11
0.0019054607179632755	2.8581910769449084e-11
0.0019952623149689093	2.992893472453393e-11
0.0020892961308540707	3.133944196281083e-11
0.0021877616239495833	3.2816424359243635e-11
0.0022908676527678053	3.436301479151727e-11
0.002398832919019524	3.598249378529279e-11
0.0025118864315096154	3.7678296472644486e-11
0.002630267991895419	3.9454019878431085e-11
0.002754228703338203	4.1313430550073e-11
0.002884031503126644	4.3260472546899873e-11
0.003019951720402056	4.529927580603e-11
0.0031622776601684215	4.7434164902525946e-11
0.003311311214825955	4.966966822238973e-11
0.003467368504525359	5.201052756788027e-11
0.0036307805477010582	5.4461708215515584e-11
0.003801893963205659	5.702840944808473e-11
0.003981071705535022	5.971607558302731e-11
0.0041686938347034064	6.253040752055925e-11
0.00436515832240171	6.547737483606289e-11
0.004570881896148803	6.856322844238963e-11
0.004786300923226439	7.179451384901834e-11
0.005011872336272781	7.517808504639949e-11
0.005248074602497787	7.872111904554885e-11
0.0054954087385763045	8.243113110541814e-11
0.005754399373371631	8.63159906846958e-11
0.006025595860743643	9.038393816242528e-11
0.0063095734448020005	9.464360238719034e-11
0.006606934480076032	9.910401914486455e-11
0.006918309709189433	1.0377465069300269e-10
0.007244359600749973	1.0866540661687225e-10
0.007585775750291913	1.1378666644996198e-10
0.007943282347242895	1.1914930481616725e-10
0.008317637711026794	1.2476472035143285e-10
0.008709635899560886	1.3064487042073565e-10
0.00912010839355918	1.3680231473741558e-10
0.009549925860214447	1.4325027248279004e-10
0.010000000000000092	1.5000269945354053e-10
0.010471285480509086	1.5707439412152635e-10
0.010964781961431946	1.6448114419190257e-10
0.011481536214968923	1.7223992811906402e-10
0.012022644346174229	1.8036918882357505e-10
0.012589254117941777	1.888891992106019e-10
0.013182567385564175	1.978225406525896e-10
0.013803842646028958	2.0719471602904797e-10
0.014454397707459384	2.170349179909013e-10
0.015135612484362196	2.2737697081235706e-10
0.015848931924611256	2.382604607572456e-10
0.016595869074375724	2.4973206587551745e-10
0.01737800828749388	2.618470924083976e-10
0.018197008586099957	2.7467122258503573e-10
0.019054607179632598	2.8828247869515184e-10
0.01995262314968893	3.027734120049249e-10
0.020892961308540525	3.182535332026488e-10
0.021877616239495665	3.348520141335274e-10
0.022908676527677866	3.5272070875815903e-10
0.023988329190195046	3.7203756439611333e-10
0.02511886431509595	3.9301052210588925e-10
0.026302679918953964	4.1588203730714004e-10
0.027542287033381817	4.40934388617208e-10
0.028840315031266203	4.684959850870625e-10
0.030199517204020317	4.989489311121426e-10
0.03162277660168396	5.327381667521143e-10
0.033113112148259266	5.703825726162799e-10
0.034673685045253325	6.124885177221097e-10
0.036307805477010284	6.597664421780863e-10
0.038018939632056284	7.130512124084446e-10
0.039810717055349894	7.733271755809393e-10
0.0416869383470337	8.417590858315044e-10
0.043651583224016764	9.197303961704072e-10
0.04570881896148766	1.0088908311268346e-9
0.047863009232264	1.111215709301215e-9
0.0501187233627274	1.229080216978276e-9
0.05248074602497742	1.3653528053083227e-9
0.05495408738576262	1.5235131790025911e-9
0.05754399373371584	1.707802081407191e-9
0.06025595860743593	1.92341242288696e-9
0.0630957344480195	2.1767344762412234e-9
0.06606934480075974	2.47567219845036e-9
0.0691830970918938	2.830053692852633e-9
0.07244359600749914	3.2521670585369943e-9
0.07585775750291851	3.757464333198413e-9
0.07943282347242829	4.3654922989610755e-9
0.08317637711026721	5.101131601249731e-9
0.08709635899560819	5.9962578960515765e-9
0.09120108393559107	7.0919849995373844e-9
0.09549925860214369	8.441716871167694e-9
0.10000000000000007	1.0115332699194564e-8
0.10471285480509002	1.2204972597118581e-8
0.10964781961431856	1.4833103887333479e-8
0.11481536214968832	1.8163866044964952e-8
0.12022644346174131	2.241917322690998e-8
0.12589254117941673	2.7901787494652695e-8
0.13182567385564067	3.5028708503411164e-8
0.13803842646028847	4.437999175308303e-8
0.14454397707459268	5.677089290438089e-8
0.1513561248436207	7.335967934028619e-8
0.1584893192461112	9.58106252023934e-8
0.16595869074375594	1.2654343723823727e-7
0.1737800828749374	1.6911978987869326e-7
0.18197008586099822	2.288502707634027e-7
0.19054607179632457	3.1376058284179756e-7
0.19952623149688783	4.3615181348754355e-7
0.2089296130854038	6.151579154219655e-7
0.21877616239495512	8.8100352992706e-7
0.22908676527677718	1.2822087495706288e-6
0.23988329190194893	1.8979889925246191e-6
0.2511886431509579	2.8599772146402115e-6
0.2630267991895381	4.390987077582098e-6
0.2754228703338165	6.875533981444994e-6
0.2884031503126605	1.0990745798166366e-5
0.30199517204020154	1.7954550547811876e-5
0.31622776601683783	3.0006674966526454e-5
