1.5848931924611142e-4	7.043969744271278e-10
1.6595869074375615e-4	7.375941810834574e-10
1.7378008287493782e-4	7.723559238886718e-10
1.8197008586099862e-4	8.087559371600535e-10
1.9054607179632522e-4	8.468714302056892e-10
1.995262314968887e-4	8.867832510971999e-10
2.0892961308540471e-4	9.285760581572027e-10
2.187761623949563e-4	9.723384995329012e-10
2.290867652767784e-4	1.0181634012299927e-9
2.3988329190195045e-4	1.0661479640089258e-9
2.5118864315095974e-4	1.1163939695598973e-9
2.6302679918954004e-4	1.1690079963980665e-9
2.7542287033381884e-4	1.2241016459279671e-9
2.8840315031266293e-4	1.2817917791672343e-9
3.019951720402044e-4	1.3422007646229289e-9
3.162277660168412e-4	1.4054567378523707e-9
3.311311214825945e-4	1.4716938732559514e-9
3.467368504525356e-4	1.5410526686778662e-9
3.6307805477010547e-4	1.613680243422838e-9
3.801893963205659e-4	1.689730650313476e-9
3.981071705535026e-4	1.7693652024601247e-9
4.1686938347034103e-4	1.8527528154235771e-9
4.3651583224017234e-4	1.9400703655119803e-9
4.570881896148817e-4	2.0315030649550652e-9
4.7863009232264586e-4	2.1272448547675155e-9
5.011872336272807e-4	2.227498816121174e-9
5.248074602497814e-4	2.3324776011101408e-9
5.495408738576344e-4	2.4424038838115772e-9
5.754399373371673e-4	2.5575108326093515e-9
6.025595860743692e-4	2.6780426047751073e-9
6.309573444802052e-4	2.8042548643563465e-9
6.606934480076086e-4	2.9364153244783367e-9
6.91830970918949e-4	3.0748043151953706e-9
7.244359600750032e-4	3.219715378111245e-9
7.585775750291975e-4	3.3714558890186436e-9
7.94328234724296e-4	3.530347709885781e-9
8.317637711026862e-4	3.696727871567367e-9
8.709635899560957e-4	3.870949288693919e-9
9.120108393559256e-4	4.053381508248564e-9
9.549925860214525e-4	4.244411493428575e-9
0.0010000000000000174	4.444444444444425e-9
0.0010471285480509178	4.6539046580040495e-9
0.0010964781961432031	4.873236427303232e-9
0.0011481536214969017	5.102904984430669e-9
0.0012022644346174327	5.3433974871885965e-9
0.001258925411794188	5.595224052418603e-9
0.001318256738556429	5.858918838028491e-9
0.0013803842646029063	6.13504117601298e-9
0.00144543977074595	6.424176758870754e-9
0.001513561248436232	6.72693888193885e-9
0.0015848931924611384	7.043969744271614e-9
0.0016595869074375869	7.3759418108338325e-9
0.0017378008287494012	7.723559238886246e-9
0.0018197008586100104	8.087559371600062e-9
0.0019054607179632755	8.468714302058986e-9
0.0019952623149689093	8.867832510973017e-9
0.0020892961308540707	9.285760581573582e-9
0.0021877616239495833	9.723384995331446e-9
0.0022908676527678053	1.0181634012301412e-8
0.002398832919019524	1.0661479640086755e-8
0.0025118864315096154	1.1163939695598366e-8
0.002630267991895419	1.1690079963979581e-8
0.002754228703338203	1.2241016459280888e-8
0.002884031503126644	1.2817917791674036e-8
0.003019951720402056	1.3422007646231113e-8
0.0031622776601684215	1.4054567378526206e-8
0.003311311214825955	1.4716938732559917e-8
0.003467368504525359	1.5410526686779336e-8
0.0036307805477010582	1.6136802434226845e-8
0.003801893963205659	1.6897306503136215e-8
0.003981071705535022	1.7693652024600687e-8
0.0041686938347034064	1.852752815423978e-8
0.00436515832240171	1.9400703655129743e-8
0.004570881896148803	2.0315030649596926e-8
0.004786300923226439	2.1272448547857285e-8
0.005011872336272781	2.2274988161896146e-8
0.005248074602497787	2.3324776013495958e-8
0.0054954087385763045	2.4424038846049813e-8
0.005754399373371631	2.5575108351020975e-8
0.006025595860743643	2.6780426122200086e-8
0.0063095734448020005	2.8042548855463807e-8
0.006606934480076032	2.9364153820700605e-8
0.006918309709189433	3.0748044649778574e-8
0.007244359600749973	3.2197157516110305e-8
0.007585775750291913	3.371456783702577e-8
0.007943282347242895	3.530349772330881e-8
0.008317637711026794	3.6967324548572696e-8
0.008709635899560886	3.870959123577353e-8
0.00912010839355918	4.053401918145647e-8
0.009549925860214447	4.2444525180085946e-8
0.010000000000000092	4.444524428253052e-8
0.010471285480509086	4.654056122119299e-8
0.010964781961431946	4.87351538346378e-8
0.011481536214968923	5.103405277601897e-8
0.012022644346174229	5.344272261439261e-8
0.012589254117941777	5.596717013647464e-8
0.013182567385564175	5.861408611928581e-8
0.013803842646028958	6.139102697156976e-8
0.014454397707459384	6.430664236767447e-8
0.015135612484362196	6.737095431477247e-8
0.015848931924611256	7.059569207622092e-8
0.016595869074375724	7.39946861853385e-8
0.01737800828749388	7.758432367656224e-8
0.018197008586099957	8.13840659511217e-8
0.019054607179632598	8.541703072448943e-8
0.01995262314968893	8.971064059405182e-8
0.020892961308540525	9.42973431711552e-8
0.021877616239495665	9.921541159511922e-8
0.022908676527677866	1.045098396320471e-7
0.023988329190195046	1.1023335241366322e-7
0.02511886431509595	1.1644756210544866e-7
0.026302679918953964	1.2322430735026373e-7
0.027542287033381817	1.3064722625695053e-7
0.028840315031266203	1.3881362521098146e-7
0.030199517204020317	1.4783672032952373e-7
0.03162277660168396	1.578483457043302e-7
0.033113112148259266	1.6900224373815697e-7
0.034673685045253325	1.8147807932506954e-7
0.036307805477010284	1.954863532379515e-7
0.038018939632056284	2.1127443330620574e-7
0.039810717055349894	2.2913397794990795e-7
0.0416869383470337	2.4941009950563097e-7
0.043651583224016764	2.7251270997641694e-7
0.04570881896148766	2.9893061663017324e-7
0.047863009232264	3.2924909905221177e-7
0.0501187233627274	3.6417191614171134e-7
0.05248074602497742	4.045489793506141e-7
0.05495408738576262	4.51411312297064e-7
0.05754399373371584	5.060154315280566e-7
0.06025595860743593	5.698999771516918e-7
0.0630957344480195	6.449583633307327e-7
0.06606934480075974	7.335325032445512e-7
0.0691830970918938	8.385344275118913e-7
0.07244359600749914	9.636050543813316e-7
0.07585775750291851	1.1133227653921226e-6
0.07943282347242829	1.2934791996921704e-6
0.08317637711026721	1.5114464003702908e-6
0.08709635899560819	1.776669006237504e-6
0.09120108393559107	2.1013288887518174e-6
0.09549925860214369	2.5012494433089466e-6
0.10000000000000007	2.9971356145761674e-6
0.10471285480509002	3.616288176924024e-6
0.10964781961431856	4.394993744395105e-6
0.11481536214968832	5.381886235545169e-6
0.12022644346174131	6.642717993158512e-6
0.12589254117941673	8.26719629471191e-6
0.13182567385564067	1.0378876593603308e-5
0.13803842646028847	1.3149627186098679e-5
0.14454397707459268	1.682100530500175e-5
0.1513561248436207	2.173620128601072e-5
0.1584893192461112	2.838833339330175e-5
0.16595869074375594	3.7494351774292527e-5
0.1737800828749374	5.010956737146467e-5
0.18197008586099822	6.78074876336008e-5
0.19054607179632457	9.296609861979186e-5
0.19952623149688783	1.2923016695927215e-4
0.2089296130854038	1.8226901197687873e-4
0.21877616239495512	2.610380829413511e-4
0.22908676527677718	3.7991370357648256e-4
0.23988329190194893	5.623671088961834e-4
0.2511886431509579	8.474006561896922e-4
0.2630267991895381	0.0013010332081724737
0.2754228703338165	0.0020371952537614796
0.2884031503126605	0.003256517273530775
0.30199517204020154	0.005319866828981296
0.31622776601683783	0.00889086665674858
