0.0031622776601683794	4.7434164902525726e-11
0.0031988951096913972	4.798342664537082e-11
0.003235936569296284	4.8539048539444125e-11
0.003273406948788383	4.9101104231825465e-11
0.0033113112148259144	4.966966822238881e-11
0.0033496543915782794	5.024481587367426e-11
0.0033884415613920273	5.082662342088036e-11
0.0034276778654645083	5.141516798196737e-11
0.00346736850452532	5.201052756787957e-11
0.0035075187395256866	5.261278109288488e-11
0.0035481338923357606	5.322200838503616e-11
0.0035892193464500573	5.3838290196750305e-11
0.0036307805477010214	5.4461708215515125e-11
0.003672823004980854	5.509234507471274e-11
0.0037153522909717353	5.573028436457624e-11
0.003758374042884451	5.6375610643266854e-11
0.0038018939632056205	5.702840944808403e-11
0.003845917820453547	5.768876730680355e-11
0.0038904514499428166	5.835677174914259e-11
0.003935500754557788	5.903251131836762e-11
0.0039810717055349856	5.97160755830264e-11
0.004027170343254603	6.040755514882175e-11
0.004073802778041142	6.110704167062032e-11
0.004120975190973317	6.181462786460551e-11
0.004168693834703372	6.253040752055878e-11
0.004216965034285839	6.325447551429984e-11
0.004265795188015943	6.39869278202567e-11
0.004315190768277672	6.472786152419102e-11
0.004365158322401679	6.547737483606242e-11
0.004415704473533148	6.623556710305103e-11
0.004466835921509653	6.700253882272232e-11
0.004518559443749245	6.777839165634957e-11
0.004570881896148776	6.85632284423894e-11
0.004623810213992627	6.935715321011302e-11
0.00467735141287201	7.016027119339584e-11
0.004731512589614832	7.097268884466624e-11
0.00478630092322641	7.179451384901786e-11
0.004841723675841024	7.262585513848317e-11
0.004897788193684491	7.34668229064744e-11
0.0049545019080479355	7.43175286223909e-11
0.005011872336272756	7.517808504639928e-11
0.005069907082747076	7.604860624438027e-11
0.005128613839913685	7.692920760305473e-11
0.005188000389289646	7.782000584528442e-11
0.005248074602497766	7.872111904554866e-11
0.005308844442309922	7.963266664560743e-11
0.005370317963702565	8.055476947034878e-11
0.005432503314924375	8.148754974381183e-11
0.005495408738576287	8.243113110541814e-11
0.005559042572704082	8.338563862638076e-11
0.005623413251903537	8.435119882631891e-11
0.00568852930843846	8.532793969006709e-11
0.0057543993733716195	8.631599068469558e-11
0.005821032177708764	8.731548277673666e-11
0.0058884365535559445	8.832654844962619e-11
0.005956621435290159	8.934932172136776e-11
0.00602559586074363	9.038393816242504e-11
0.00609536897240175	9.143053491384679e-11
0.006165950018614879	9.248925070564002e-11
0.006237348354824255	9.356022587539833e-11
0.0063095734448019945	9.464360238719011e-11
0.006382634861905548	9.573952385073658e-11
0.006456542290346622	9.684813554087471e-11
0.006531305526474789	9.79695844173364e-11
0.006606934480076032	9.910401914486455e-11
0.0066834391756862175	1.002515901136795e-10
0.006760829753919888	1.0141244946032862e-10
0.006839116472814369	1.0258675108895373e-10
0.006918309709189441	1.0377465069300247e-10
0.006998419960022817	1.0497630577743114e-10
0.00707945784384146	1.0619187568144455e-10
0.007161434102129101	1.0742152160181714e-10
0.007244359600749988	1.0866540661687248e-10
0.007328245331389127	1.0992369571116593e-10
0.007413102413009268	1.1119655580097199e-10
0.007498942093324651	1.1248415576064616e-10
0.007585775750291929	1.1378666644996222e-10
0.0076736148936182875	1.1510426074255008e-10
0.0077624711662870145	1.164371135555329e-10
0.007852356346100823	1.1778540188053163e-10
0.00794328234724292	1.1914930481616725e-10
0.008035261221856277	1.205290036022538e-10
0.008128305161641104	1.219246816558609e-10
0.008222426499470822	1.2333652460946613e-10
0.008317637711026827	1.247647203514333e-10
0.008413951416452068	1.26209459069079e-10
0.00851138038202388	1.276709332946008e-10
0.00860993752184613	1.291493379542016e-10
0.00870963589956093	1.3064487042073638e-10
0.008810488730080272	1.3215773057026636e-10
0.008912509381337587	1.3368812084292225e-10
0.0090157113760597	1.3523624630852057e-10
0.009120108393559237	1.3680231473741625e-10
0.00922571427154777	1.3838653667710075e-10
0.009332543007970057	1.3998912553510531e-10
0.009440608762859381	1.4161029766881073e-10
0.009549925860214506	1.43250272482791e-10
0.009660508789898289	1.4490927253438792e-10
0.009772372209558261	1.4658752364822795e-10
0.009885530946569552	1.4828525504046233e-10
0.010000000000000163	1.5000269945354144e-10
0.010115794542599154	1.5174009330238694e-10
0.010232929922807714	1.5349767683286478e-10
0.010351421666793611	1.5527569429351562e-10
0.010471285480509173	1.5707439412152746e-10
0.01059253725177307	1.5889402914400767e-10
0.01071519305237625	1.6073485679560882e-10
0.010839269140212228	1.6259713935365476e-10
0.010964781961432041	1.6448114419190417e-10
0.011091748152624207	1.6638714405415527e-10
0.011220184543019837	1.6831541734891632e-10
0.011350108156723358	1.702662484663902e-10
0.01148153621496904	1.722399281190656e-10
0.01161448613840364	1.7423675370720033e-10
0.011748975549395514	1.762570297105328e-10
0.011885022274370409	1.7830106810753652e-10
0.012022644346174359	1.8036918882357686e-10
0.012161860006463915	1.8246172020928948e-10
0.01230268770812405	1.845789995505366e-10
0.012445146117714093	1.8672137361126966e-10
0.01258925411794192	1.88889199210604e-10
0.01273503081016687	1.9108284383542108e-10
0.012882495516931599	1.9330268628975264e-10
0.013031667784523254	1.9554911738220057e-10
0.013182567385564337	1.9782254065259193e-10
0.013335214321633513	2.0012337313903436e-10
0.013489628825916816	2.024520461864874e-10
0.013645831365889531	2.0480900629791827e-10
0.013803842646029135	2.0719471602905047e-10
0.01396368361055967	2.096096549276612e-10
0.014125375446227844	2.1205432051831211e-10
0.014288939585111337	2.1452922933334414e-10
0.01445439770745959	2.1703491799090415e-10
0.014621771744567497	2.195719443206856e-10
0.014791083881682397	2.221408885380206e-10
0.014962356560944665	2.247423544668917e-10
0.01513561248436242	2.273769708123603e-10
0.015310874616820647	2.3004539248285717e-10
0.01548816618912516	2.3274830196272707e-10
0.015667510701081844	2.3548641073536663e-10
0.0158489319246115	2.3826046075724926e-10
0.016032453906900786	2.410712259831129e-10
0.01621810097358968	2.4391951394253115e-10
0.016405897731995772	2.468061673681115e-10
0.016595869074375994	2.4973206587552185e-10
0.016788040181226	2.526981276955849e-10
0.01698243652461785	2.5570531145868967e-10
0.0171790838715763	2.5875461803179887e-10
0.01737800828749417	2.6184709240840237e-10
0.017579236139587354	2.649838256518121e-10
0.017782794100389663	2.681659568923046e-10
0.017988709151288324	2.713946753786906e-10
0.01819700858610029	2.74671222585041e-10
0.018407720014690016	2.7799689437341947e-10
0.01862087136662914	2.8137304321364453e-10
0.018836490894898483	2.848010804612649e-10
0.01905460717963296	2.8828247869515784e-10
0.01927524913190986	2.918187741163487e-10
0.019498445997580955	2.9541156900991907e-10
0.01972422736114905	2.990625342720975e-10
0.01995262314968932	3.0277341200493114e-10
0.020183663636816142	3.0654601818122887e-10
0.02041737944669584	3.103822453827628e-10
0.02065380155810584	3.142840656150877e-10
0.020892961308540955	3.182535332026561e-10
0.021134890398367037	3.222927877683054e-10
0.021379620895022905	3.264040573015669e-10
0.021627185237270797	3.30589661320672e-10
0.021877616239496123	3.3485201413353525e-10
0.022130947096056987	3.3919362820345417e-10
0.02238721138568402	3.43617117625715e-10
0.022646443075931232	3.481252017217739e-10
0.02290867652767838	3.5272070875816797e-10
0.023173946499685436	3.574065797978271e-10
0.023442288153199885	3.6218587269197795e-10
0.02371373705661723	3.6706176622137e-10
0.023988329190195598	3.7203756439612357e-10
0.024266100950824862	3.771167009240638e-10
0.024547089156851012	3.823027438580097e-10
0.02483133105295643	3.875994004331057e-10
0.02511886431509654	3.930105221059001e-10
0.025409727055493804	3.985401098075716e-10
0.02570395782768941	4.041923194243448e-10
0.026001595631653492	4.0997146751888257e-10
0.02630267991895461	4.158820373071526e-10
0.0266072505979889	4.219286849060566e-10
0.02691534803926998	4.2811624586788585e-10
0.027227013080779964	4.344497420185317e-10
0.027542287033382507	4.4093438861722234e-10
0.027861211686298563	4.4757560185651446e-10
0.028183829312645414	4.5437900672218016e-10
0.028510182675039988	4.613504452336979e-10
0.02884031503126697	4.684959850870793e-10
0.029174270140012584	4.758219287229105e-10
0.02951209226666479	4.833348228436723e-10
0.02985382618918055	4.910414684056627e-10
0.030199517204021132	4.989489311121613e-10
0.030549211132156123	5.070645524359209e-10
0.0309029543251369	5.1539596120053e-10
0.031260793671240565	5.239510857518186e-10
0.031622776601684825	5.327381667521354e-10
0.03198895109691503	5.417657706321674e-10
0.0323593656929639	5.510428037368492e-10
0.0327340694878849	5.605785272039756e-10
0.03311311214826021	5.703825726163044e-10
0.03349654391578389	5.804649584702418e-10
0.0338844156139214	5.908361075066956e-10
0.034276778654646206	6.015068649523136e-10
0.03467368504525434	6.124885177221377e-10
0.035075187395257994	6.237928146377234e-10
0.035481338923358766	6.354319877179764e-10
0.035892193464501766	6.474187746034029e-10
0.0363078054770114	6.5976644217812e-10
0.03672823004980974	6.724888114579201e-10
0.03715352290971855	6.856002838168299e-10
0.03758374042884574	6.991158686291164e-10
0.03801893963205747	7.130512124084829e-10
0.03845917820453673	7.274226295312811e-10
0.038904514499429436	7.422471346360896e-10
0.039355007545579156	7.575424767978472e-10
0.03981071705535116	7.733271755809836e-10
0.04027170343254737	7.896205590827643e-10
0.04073802778041276	8.06442804085178e-10
0.04120975190973451	8.238149784414615e-10
0.04168693834703507	8.417590858315564e-10
0.04216965034285978	8.602981130296472e-10
0.042657951880160846	8.794560798364103e-10
0.043151907682778136	8.992580918387191e-10
0.043651583224018214	9.197303961704668e-10
0.0441570447353329	9.409004404598349e-10
0.04466835921509799	9.62796935160832e-10
0.045185594437493946	9.854499194804166e-10
0.04570881896148925	1.008890831126906e-9
0.04623810213992778	1.0331525801208761e-9
0.046773514128721605	1.0582696269264215e-9
0.04731512589614987	1.0842780651784947e-9
0.04786300923226569	1.1112157093012993e-9
0.04841723675841182	1.1391221873333572e-9
0.04897788193684652	1.1680390392971069e-9
0.04954501908048095	1.1980098214748253e-9
0.0501187233627292	1.2290802169783752e-9
0.050699070827472444	1.261298153028038e-9
0.05128613839913853	1.2947139253855437e-9
0.051880003892898166	1.3293803304185313e-9
0.05248074602497935	1.3653528053084406e-9
0.05308844442310096	1.402689576951108e-9
0.05370317963702744	1.4414518201397967e-9
0.05432503314924553	1.4817038256637882e-9
0.054954087385764676	1.5235131790027297e-9
0.05559042572704262	1.5669509503476261e-9
0.05623413251903721	1.612091896734129e-9
0.05688529308438649	1.6590146771331045e-9
0.057543993733718074	1.7078020814073587e-9
0.05821032177708954	1.7585412741127768e-9
0.05888436553556134	1.8113240541969791e-9
0.05956621435290353	1.8662471317297232e-9
0.060255958607438306	1.923412422887159e-9
0.06095368972401949	1.9829273645070835e-9
0.06165950018615081	2.044905249635586e-9
0.06237348354824456	2.1094655855971295e-9
0.06309573444802201	2.1767344762414608e-9
0.0638263486190576	2.2468450301522934e-9
0.06456542290346834	2.3199377967455e-9
0.06531305526475004	2.3961612323396965e-9
0.06606934480076244	2.475672198450649e-9
0.06683439175686436	2.5586364947440343e-9
0.06760829753920113	2.645229429280381e-9
0.06839116472814594	2.735636428902679e-9
0.06918309709189667	2.8300536928529834e-9
0.06998419960023042	2.92868889296126e-9
0.07079457843841692	3.0317619240293437e-9
0.07161434102129338	3.139505708338004e-9
0.07244359600750225	3.2521670585374252e-9
0.07328245331389367	3.370007603544171e-9
0.07413102413009506	3.493304782463589e-9
0.07498942093324895	3.6223529119887076e-9
0.07585775750292181	3.757464333198937e-9
0.07673614893618538	3.898970644197924e-9
0.07762471166287269	4.047224025594124e-9
0.07852356346101075	4.2025986664450395e-9
0.07943282347243179	4.3654922989617124e-9
0.08035261221856543	4.536327851010052e-9
0.08128305161641369	4.715555226256188e-9
0.0822242649947109	4.9036532226919025e-9
0.08317637711027095	5.1011316012505244e-9
