0.0031622776601683794	4.682439075425387e-11
0.003758374042884443	5.1613218043425515e-11
0.0044668359215096305	8.244295757203268e-11
0.005308844442309885	6.560328309842727e-11
0.00630957344480193	9.367703291584357e-11
0.007498942093324558	1.0134339180809605e-10
0.008912509381337459	1.3663057385533832e-10
0.010592537251772886	1.7870759215555173e-10
0.012589254117941675	1.794164086742472e-10
0.014962356560944336	2.249936778027604e-10
0.01778279410038923	2.6446971900939524e-10
0.021134890398366465	2.9660764699678906e-10
0.025118864315095794	3.8035046711091187e-10
0.029853826189179603	6.015884871809122e-10
0.03548133892335755	5.946076870421158e-10
0.042169650342858224	6.936560108976655e-10
0.05011872336272722	8.636546655401182e-10
0.059566214352901034	3.175058434497262e-4
0.0707945784384138	0.027649306222653533
