1.5848931924611142e-4	7.893873716729625e-10
2.23872113856834e-4	1.0957332956380623e-9
3.1622776601683794e-4	1.6257856235916808e-9
4.4668359215096305e-4	2.1490694939158754e-9
6.30957344480193e-4	2.5112028265897392e-9
8.912509381337459e-4	4.1767444772346946e-9
0.0012589254117941675	6.202455681982765e-9
0.0017782794100389228	8.457890064422045e-9
0.0025118864315095794	1.3285482533550761e-8
0.0035481338923357532	1.641288011977087e-8
0.005011872336272725	2.2483813275192185e-8
0.00707945784384138	3.020329161713287e-8
0.01	4.0089728370599774e-8
0.01412537544622754	6.15748366078571e-8
0.0199526231496888	1.0965616550071127e-7
0.028183829312644536	0.0017414941529306908
0.039810717055349734	0.017578345842638544
0.05623413251903491	0.032736816289755104
0.07943282347242814	0.03185649215050114
0.11220184543019636	0.034472144796179466
0.15848931924611134	0.048342876575493215
0.22387211385683395	0.035887117860276534
0.31622776601683794	0.04164685274046013
