0.0031622776601683794	4.7536689111857644e-11
0.0031988951096913972	4.808955537938595e-11
0.003235936569296284	4.864890856388858e-11
0.003273406948788383	4.9214826772896204e-11
0.0033113112148259144	4.978738912381625e-11
0.0033496543915782794	5.0366675759347314e-11
0.0033884415613920273	5.0952767863204765e-11
0.0034276778654645083	5.1545747676164174e-11
0.00346736850452532	5.2145698512431624e-11
0.0035075187395256866	5.2752704776350877e-11
0.0035481338923357606	5.336685197945402e-11
0.0035892193464500573	5.3988226757867765e-11
0.0036307805477010214	5.4616916890083e-11
0.003672823004980854	5.525301131509838e-11
0.0037153522909717353	5.589660015094879e-11
0.003758374042884451	5.6547774713628046e-11
0.0038018939632056205	5.720662753641843e-11
0.003845917820453547	5.787325238963696e-11
0.0038904514499428166	5.854774430081105e-11
0.003935500754557788	5.923019957529558e-11
0.0039810717055349856	5.992071581734328e-11
0.004027170343254603	6.061939195164243e-11
0.004073802778041142	6.132632824533436e-11
0.004120975190973317	6.204162633052436e-11
0.004168693834703372	6.276538922730184e-11
0.004216965034285839	6.349772136728211e-11
0.004265795188015943	6.423872861768754e-11
0.004315190768277672	6.498851830598159e-11
0.004365158322401679	6.574719924507326e-11
0.004415704473533148	6.651488175910897e-11
0.004466835921509653	6.729167770986793e-11
0.004518559443749245	6.807770052378055e-11
0.004570881896148776	6.887306521958734e-11
0.004623810213992627	6.967788843665756e-11
0.00467735141287201	7.049228846398872e-11
0.004731512589614832	7.131638526990529e-11
0.00478630092322641	7.215030053248021e-11
0.004841723675841024	7.299415767069928e-11
0.004897788193684491	7.384808187639176e-11
0.0049545019080479355	7.471220014695167e-11
0.005011872336272756	7.558664131887178e-11
0.005069907082747076	7.647153610211811e-11
0.005128613839913685	7.736701711536881e-11
0.005188000389289646	7.827321892214515e-11
0.005248074602497766	7.919027806786264e-11
0.005308844442309922	8.011833311783046e-11
0.005370317963702565	8.105752469622983e-11
0.005432503314924375	8.200799552610102e-11
0.005495408738576287	8.296989047037156e-11
0.005559042572704082	8.394335657395926e-11
0.005623413251903537	8.492854310698241e-11
0.00568852930843846	8.592560160911473e-11
0.0057543993733716195	8.69346859351198e-11
0.005821032177708764	8.795595230160378e-11
0.0058884365535559445	8.898955933502608e-11
0.005956621435290159	9.003566812100693e-11
0.00602559586074363	9.109444225497634e-11
0.00609536897240175	9.216604789420559e-11
0.006165950018614879	9.325065381126767e-11
0.006237348354824255	9.434843144897388e-11
0.0063095734448019945	9.545955497683291e-11
0.006382634861905548	9.65842013490853e-11
0.006456542290346622	9.772255036436267e-11
0.006531305526474789	9.887478472702663e-11
0.006606934480076032	1.0004109011024383e-10
0.0066834391756862175	1.012216552208528e-10
0.006760829753919888	1.0241667186608489e-10
0.006839116472814369	1.0362633502219917e-10
0.006918309709189441	1.0485084290509614e-10
0.006998419960022817	1.0609039704297834e-10
0.00707945784384146	1.0734520235112371e-10
0.007161434102129101	1.0861546720884663e-10
0.007244359600749988	1.0990140353871841e-10
0.007328245331389127	1.1120322688812406e-10
0.007413102413009268	1.1252115651323778e-10
0.007498942093324651	1.1385541546549521e-10
0.007585775750291929	1.1520623068065261e-10
0.0076736148936182875	1.1657383307051888e-10
0.0077624711662870145	1.1795845761745262e-10
0.007852356346100823	1.1936034347172243e-10
0.00794328234724292	1.2077973405182549e-10
0.008035261221856277	1.2221687714787088e-10
0.008128305161641104	1.2367202502813176e-10
0.008222426499470822	1.2514543454887768e-10
0.008317637711026827	1.2663736726760298e-10
0.008413951416452068	1.2814808955976813e-10
0.00851138038202388	1.296778727391797e-10
0.00860993752184613	1.312269931821357e-10
0.00870963589956093	1.3279573245546952e-10
0.008810488730080272	1.343843774486325e-10
0.008912509381337587	1.359932205099546e-10
0.0090157113760597	1.376225595872368e-10
0.009120108393559237	1.392726983728258e-10
0.00922571427154777	1.409439464533334e-10
0.009332543007970057	1.4263661946416778e-10
0.009440608762859381	1.443510392490469e-10
0.009549925860214506	1.460875340246779e-10
0.009660508789898289	1.478464385507855e-10
0.009772372209558261	1.4962809430568452e-10
0.009885530946569552	1.5143284966760046e-10
0.010000000000000163	1.5326106010194196e-10
0.010115794542599154	1.5511308835474956e-10
0.010232929922807714	1.5698930465254e-10
0.010351421666793611	1.5889008690878693e-10
0.010471285480509173	1.6081582093727792e-10
0.01059253725177307	1.6276690067260386e-10
0.01071519305237625	1.647437283980442e-10
0.010839269140212228	1.6674671498112187e-10
0.010964781961432041	1.6877628011711439e-10
0.011091748152624207	1.7083285258081682e-10
0.011220184543019837	1.7291687048686538e-10
0.011350108156723358	1.750287815589431e-10
0.01148153621496904	1.7716904340820233e-10
0.01161448613840364	1.7933812382124942e-10
0.011748975549395514	1.8153650105805527e-10
0.011885022274370409	1.8376466416016677e-10
0.012022644346174359	1.860231132696119e-10
0.012161860006463915	1.8831235995890472e-10
0.01230268770812405	1.9063292757257624e-10
0.012445146117714093	1.9298535158067235e-10
0.01258925411794192	1.9537017994467813e-10
0.01273503081016687	1.9778797349634968e-10
0.012882495516931599	2.002393063299507e-10
0.013031667784523254	2.0272476620841575e-10
0.013182567385564337	2.0524495498397956e-10
0.013335214321633513	2.0780048903383912e-10
0.013489628825916816	2.1039199971143536e-10
0.013645831365889531	2.1302013381396865e-10
0.013803842646029135	2.156855540667862e-10
0.01396368361055967	2.1838893962530806e-10
0.014125375446227844	2.211309865951876e-10
0.014288939585111337	2.239124085714284e-10
0.01445439770745959	2.2673393719721702e-10
0.014621771744567497	2.2959632274325652e-10
0.014791083881682397	2.325003347084252e-10
0.014962356560944665	2.3544676244261807e-10
0.01513561248436242	2.384364157926675e-10
0.015310874616820647	2.414701257722771e-10
0.01548816618912516	2.4454874525694535e-10
0.015667510701081844	2.4767314970489805e-10
0.0158489319246115	2.5084423790509293e-10
0.016032453906900786	2.5406293275341033e-10
0.01621810097358968	2.5733018205818796e-10
0.016405897731995772	2.6064695937631484e-10
0.016595869074375994	2.6401426488115206e-10
0.016788040181226	2.6743312626360383e-10
0.01698243652461785	2.7090459966772577e-10
0.0171790838715763	2.744297706623168e-10
0.01737800828749417	2.7800975525000903e-10
0.017579236139587354	2.8164570091544035e-10
0.017782794100389663	2.85338787714164e-10
0.017988709151288324	2.8909022940403056e-10
0.01819700858610029	2.929012746208539e-10
0.018407720014690016	2.9677320810026007e-10
0.01862087136662914	3.0070735194770684e-10
0.018836490894898483	3.0470506695875083e-10
0.01905460717963296	3.087677539917452e-10
0.01927524913190986	3.1289685539524564e-10
0.019498445997580955	3.170938564925184e-10
0.01972422736114905	3.2136028712565135e-10
0.01995262314968932	3.256977232618947e-10
0.020183663636816142	3.3010778866498347e-10
0.02041737944669584	3.345921566343246e-10
0.02065380155810584	3.391525518150731e-10
0.020892961308540955	3.4379075208227307e-10
0.021134890398367037	3.485085905023852e-10
0.021379620895022905	3.5330795737570054e-10
0.021627185237270797	3.5819080236329893e-10
0.021877616239496123	3.631591367024027e-10
0.022130947096056987	3.6821503551416286e-10
0.02238721138568402	3.733606402081191e-10
0.022646443075931232	3.785981609877913e-10
0.02290867652767838	3.8392987946207956e-10
0.023173946499685436	3.893581513673928e-10
0.023442288153199885	3.948854094056764e-10
0.02371373705661723	4.005141662037703e-10
0.023988329190195598	4.0624701739981645e-10
0.024266100950824862	4.120866448627216e-10
0.024547089156851012	4.180358200510016e-10
0.02483133105295643	4.240974075176577e-10
0.02511886431509654	4.3027436856808644e-10
0.025409727055493804	4.36569765078399e-10
0.02570395782768941	4.4298676348190396e-10
0.026001595631653492	4.4952863893193487e-10
0.02630267991895461	4.561987796496274e-10
0.0266072505979889	4.6300069146572597e-10
0.02691534803926998	4.699380025659766e-10
0.027227013080779964	4.770144684501939e-10
0.027542287033382507	4.842339771156241e-10
0.027861211686298563	4.91600554475829e-10
0.028183829312645414	4.991183700269018e-10
0.028510182675039988	5.067917427735125e-10
0.02884031503126697	5.146251474279495e-10
0.029174270140012584	5.22623220896064e-10
0.02951209226666479	5.307907690648132e-10
0.02985382618918055	5.391327739069067e-10
0.030199517204021132	5.476544009189586e-10
0.030549211132156123	5.563610069104626e-10
0.0309029543251369	5.652581481619042e-10
0.031260793671240565	5.743515889713786e-10
0.031622776601684825	5.836473106101851e-10
0.03198895109691503	5.931515207090767e-10
0.0323593656929639	6.028706630980828e-10
0.0327340694878849	6.128114281241812e-10
0.03311311214826021	6.22980763472514e-10
0.03349654391578389	6.333858855183554e-10
0.0338844156139214	6.44034291238672e-10
0.034276778654646206	6.54933770713813e-10
0.03467368504525434	6.66092420251717e-10
0.035075187395257994	6.775186561689658e-10
0.035481338923358766	6.892212292650849e-10
0.035892193464501766	7.012092400287255e-10
0.0363078054770114	7.134921546167042e-10
0.03672823004980974	7.260798216494018e-10
0.03715352290971855	7.389824898687162e-10
0.03758374042884574	7.522108267076053e-10
0.03801893963205747	7.657759378233521e-10
0.03845917820453673	7.796893876499121e-10
0.038904514499429436	7.93963221028214e-10
0.039355007545579156	8.086099859770101e-10
0.03981071705535116	8.236427576708211e-10
0.04027170343254737	8.390751636958444e-10
0.04073802778041276	8.54921410659163e-10
0.04120975190973451	8.711963122315271e-10
0.04168693834703507	8.8791531870915e-10
0.04216965034285978	9.050945481855499e-10
0.042657951880160846	9.227508194304391e-10
0.043151907682778136	9.40901686579045e-10
0.043651583224018214	9.595654757421e-10
0.0441570447353329	9.787613236540934e-10
0.04466835921509799	9.985092184852019e-10
0.045185594437493946	1.0188300429508195e-9
0.04570881896148925	1.0397456198616013e-9
0.04623810213992778	1.0612787602666807e-9
0.046773514128721605	1.083453314353147e-9
0.04731512589614987	1.1062942252760602e-9
0.04786300923226569	1.129827586105316e-9
0.04841723675841182	1.1540807000886184e-9
0.04897788193684652	1.1790821444436796e-9
0.04954501908048095	1.2048618379077664e-9
0.0501187233627292	1.231451112288734e-9
0.050699070827472444	1.2588827882790515e-9
0.05128613839913853	1.2871912558129096e-9
0.051880003892898166	1.3164125592665857e-9
0.05248074602497935	1.3465844878238556e-9
0.05308844442310096	1.377746671351532e-9
0.05370317963702744	1.4099406821553313e-9
0.05432503314924553	1.443210143013377e-9
0.054954087385764676	1.4776008419138339e-9
0.05559042572704262	1.5131608539547965e-9
0.05623413251903721	1.5499406708985252e-9
0.05688529308438649	1.5879933389090365e-9
0.057543993733718074	1.6273746050417406e-9
0.05821032177708954	1.6681430730968641e-9
0.05888436553556134	1.710360369494906e-9
0.05956621435290353	1.7540913198826373e-9
0.060255958607438306	1.7994041372327101e-9
0.06095368972401949	1.8463706222588193e-9
0.06165950018615081	1.8950663770323334e-9
0.06237348354824456	1.945571032755496e-9
0.06309573444802201	1.9979684927213923e-9
0.0638263486190576	2.0523471915723077e-9
0.06456542290346834	2.108800372056452e-9
0.06531305526475004	2.1674263805789684e-9
0.06606934480076244	2.228328982947311e-9
0.06683439175686436	2.291617701824246e-9
0.06760829753920113	2.3574081775248756e-9
0.06839116472814594	2.4258225539277945e-9
0.06918309709189667	2.4969898914161545e-9
0.06998419960023042	2.57104660892289e-9
0.07079457843841692	2.6481369573269133e-9
0.07161434102129338	2.728413526635161e-9
0.07244359600750225	2.812037789590343e-9
0.07328245331389367	2.8991806845677017e-9
0.07413102413009506	2.990023240868045e-9
0.07498942093324895	3.084757249780419e-9
0.07585775750292181	3.1835859850785296e-9
0.07673614893618538	3.286724976932711e-9
0.07762471166287269	3.394402843566328e-9
0.07852356346101075	3.5068621853653555e-9
0.07943282347243179	3.62436054656534e-9
0.08035261221856543	3.747171450094904e-9
0.08128305161641369	3.875585511653211e-9
0.0822242649947109	4.0099116396449246e-9
0.08317637711027095	4.15047832819482e-9
