1.5848931924611142e-4	1.5215057199263917e-13
1.6595869074375615e-4	1.5932129093376696e-13
1.7378008287493782e-4	1.6682996780281945e-13
1.8197008586099862e-4	1.7469253189679716e-13
1.9054607179632522e-4	1.82925663508548e-13
1.995262314968887e-4	1.9154682936028955e-13
2.0892961308540471e-4	2.0057431971301425e-13
2.187761623949563e-4	2.1002728723165044e-13
2.290867652767784e-4	2.1992578768971703e-13
2.3988329190195045e-4	2.302908226013572e-13
2.5118864315095974e-4	2.411443838728815e-13
2.6302679918954004e-4	2.5250950057057516e-13
2.7542287033381884e-4	2.644102879062189e-13
2.8840315031266293e-4	2.768719985469076e-13
3.019951720402044e-4	2.899210763609882e-13
3.162277660168412e-4	3.0358521271761553e-13
3.311311214825945e-4	3.17893405463328e-13
3.467368504525356e-4	3.3287602070531377e-13
3.6307805477010547e-4	3.485648575376781e-13
3.801893963205659e-4	3.649932158540373e-13
3.981071705535026e-4	3.8219596739722797e-13
4.1686938347034103e-4	4.0020963020475714e-13
4.3651583224017234e-4	4.19072446617085e-13
4.570881896148817e-4	4.388244650246546e-13
4.7863009232264586e-4	4.595076255391383e-13
5.011872336272807e-4	4.811658497844449e-13
5.248074602497814e-4	5.038451350138147e-13
5.495408738576344e-4	5.275936527708894e-13
5.754399373371673e-4	5.524618523249498e-13
6.025595860743692e-4	5.785025691237733e-13
6.309573444802052e-4	6.057711385217499e-13
6.606934480076086e-4	6.343255150561842e-13
6.91830970918949e-4	6.642263975611835e-13
7.244359600750032e-4	6.955373604262876e-13
7.585775750291975e-4	7.283249913262674e-13
7.94328234724296e-4	7.626590357693017e-13
8.317637711026862e-4	7.98612548833437e-13
8.709635899560957e-4	8.362620544858053e-13
9.120108393559256e-4	8.756877129059922e-13
9.549925860214525e-4	9.169734962642388e-13
0.0010000000000000174	9.602073734373596e-13
0.0010471285480509178	1.0054815041804968e-12
0.0010964781961432031	1.0528924433116684e-12
0.0011481536214969017	1.1025413555087876e-12
0.0012022644346174327	1.1545342413661264e-12
0.001258925411794188	1.208982175409427e-12
0.001318256738556429	1.2660015568268922e-12
0.0013803842646029063	1.3257143737377164e-12
0.00144543977074595	1.3882484818916042e-12
0.001513561248436232	1.4537378987727382e-12
0.0015848931924611384	1.5223231141712482e-12
0.0016595869074375869	1.5941514183853479e-12
0.0017378008287494012	1.6693772493298013e-12
0.0018197008586100104	1.7481625599526498e-12
0.0019054607179632755	1.83067720750423e-12
0.0019952623149689093	1.917099366362851e-12
0.0020892961308540707	2.007615966302194e-12
0.0021877616239495833	2.102423158289986e-12
0.0022908676527678053	2.201726810138864e-12
0.002398832919019524	2.3057430345924932e-12
0.0025118864315096154	2.4146987527275585e-12
0.002630267991895419	2.528832295890195e-12
0.002754228703338203	2.648394049769743e-12
0.002884031503126644	2.7736471446502744e-12
0.003019951720402056	2.9048681963789358e-12
0.0031622776601684215	3.0423481031589296e-12
0.003311311214825955	3.1863929039242787e-12
0.003467368504525359	3.3373247047956624e-12
0.0036307805477010582	3.4954826809653486e-12
0.003801893963205659	3.661224162330818e-12
0.003981071705535022	3.834925812310004e-12
0.0041686938347034064	4.01698491054735e-12
0.00436515832240171	4.2078207516847195e-12
0.004570881896148803	4.407876174053617e-12
0.004786300923226439	4.617619234078762e-12
0.005011872336272781	4.837545044407816e-12
0.005248074602497787	5.068177796343231e-12
0.0054954087385763045	5.310072990103796e-12
0.005754399373371631	5.56381989984768e-12
0.006025595860743643	5.830044304318498e-12
0.0063095734448020005	6.109411518517312e-12
0.006606934480076032	6.402629767055604e-12
0.006918309709189433	6.7104539459261466e-12
0.007244359600749973	7.0336898264779605e-12
0.007585775750291913	7.373198763561753e-12
0.007943282347242895	7.72990297931681e-12
0.008317637711026794	8.10479150512656e-12
0.008709635899560886	8.498926877150007e-12
0.00912010839355918	8.913452695860794e-12
0.009549925860214447	9.349602177579325e-12
0.010000000000000092	9.808707846524215e-12
0.010471285480509086	1.0292212539985696e-11
0.010964781961431946	1.0801681927495224e-11
0.011481536214968923	1.133881877812483e-11
0.012022644346174229	1.1905479249255027e-11
0.012589254117941777	1.2503691516459248e-11
0.013182567385564175	1.3135677118974523e-11
0.013803842646028958	1.3803875460274124e-11
0.014454397707459384	1.4510971980621674e-11
0.015135612484362196	1.5259930610730474e-11
0.015848931924611256	1.605403122592567e-11
0.016595869074375724	1.6896912952393422e-11
0.01737800828749388	1.779262433600024e-11
0.018197008586099957	1.874568157573425e-11
0.019054607179632598	1.9761136255471253e-11
0.01995262314968893	2.0844654288760788e-11
0.020892961308540525	2.2002608133264934e-11
0.021877616239495665	2.324218474895319e-11
0.022908676527677866	2.4571512285572425e-11
0.023988329190195046	2.5999809113587518e-11
0.02511886431509595	2.7537559588356718e-11
0.026302679918953964	2.919672189757524e-11
0.027542287033381817	3.0990974535398934e-11
0.028840315031266203	3.293600943538759e-11
0.030199517204020317	3.504988165881207e-11
0.03162277660168396	3.735342787905041e-11
0.033113112148259266	3.9870768862239265e-11
0.034673685045253325	4.262991489610809e-11
0.036307805477010284	4.566349789546693e-11
0.038018939632056284	4.900966002069215e-11
0.039810717055349894	5.2713136490929864e-11
0.0416869383470337	5.6826580397382525e-11
0.043651583224016764	6.141219044749093e-11
0.04570881896148766	6.654371967113841e-11
0.047863009232264	7.230896551073555e-11
0.0501187233627274	7.881287118647356e-11
0.05248074602497742	8.618140722072044e-11
0.05495408738576262	9.456645388247809e-11
0.05754399373371584	1.0415197472266272e-10
0.06025595860743593	1.1516186478288338e-10
0.0630957344480195	1.2786998353415727e-10
0.06606934480075974	1.4261305490861373e-10
0.0691830970918938	1.5980735305061707e-10
0.07244359600749914	1.7997041853376152e-10
0.07585775750291851	2.037495030450016e-10
0.07943282347242829	2.3195907498015246e-10
0.08317637711026721	2.6563061300443235e-10
0.08709635899560819	3.0607918571746765e-10
0.09120108393559107	3.549931358124346e-10
0.09549925860214369	4.145558150951464e-10
0.10000000000000007	4.876121429497438e-10
0.10471285480509002	5.778983804530863e-10
0.10964781961431856	6.903618408314501e-10
0.11481536214968832	8.316097161640412e-10
0.12022644346174131	1.0105450205433831e-9
0.12589254117941673	1.23927636622939e-9
0.13182567385564067	1.5344325643047743e-9
0.13803842646028847	1.91908204677298e-9
0.14454397707459268	2.4255658697530944e-9
0.1513561248436207	3.0997264908303093e-9
0.1584893192461112	4.007294433782882e-9
0.16595869074375594	5.243652448571904e-9
0.1737800828749374	6.948954303755283e-9
0.18197008586099822	9.331846786989724e-9
0.19054607179632457	1.2707207728572391e-8
0.19952623149688783	1.755705114067842e-8
0.2089296130854038	2.4630306703500314e-8
0.21877616239495512	3.5108862393887714e-8
0.22908676527677718	5.088841872860953e-8
0.23988329190194893	7.506169409884594e-8
0.2511886431509579	1.1276466381300266e-7
0.2630267991895381	1.7268629959151007e-7
0.2754228703338165	2.6981464305456355e-7
0.2884031503126605	4.305335686389631e-7
0.30199517204020154	7.0228413970664e-7
0.31622776601683783	1.1722865805977598e-6
