1.5848931924611142e-4	2.8844389667265683e-10
2.23872113856834e-4	3.570031497967583e-10
3.1622776601683794e-4	5.574950694968612e-10
4.4668359215096305e-4	6.717808447357149e-10
6.30957344480193e-4	9.400380009629315e-10
8.912509381337459e-4	1.3814998195367814e-9
0.0012589254117941675	1.8624801534433715e-9
0.0017782794100389228	2.738929457679733e-9
0.0025118864315095794	3.3011829364350156e-9
0.0035481338923357532	5.5085821208617025e-9
0.005011872336272725	8.069127305895136e-9
0.00707945784384138	1.2242524646940779e-8
0.01	1.9025450031695144e-8
0.01412537544622754	2.40310737651695e-8
0.0199526231496888	3.472314561840261e-8
0.028183829312644536	4.833094144614768e-8
0.039810717055349734	8.341978343844569e-8
0.05623413251903491	1.5603942126971464e-7
0.07943282347242814	0.0014815557687670206
0.11220184543019636	0.03286654609746568
0.15848931924611134	0.03293705647372
0.22387211385683395	0.04327830121365881
0.31622776601683794	0.04076622412791688
