3.9810717055349735e-4	4.3046736823915025e-11
5.623413251903491e-4	7.164288806693637e-11
7.943282347242813e-4	9.428943696192357e-11
0.001122018454301963	1.340587688671753e-10
0.001584893192461114	1.913701059502012e-10
0.00223872113856834	2.5575537967923564e-10
0.0031622776601683794	3.693077940510972e-10
0.0044668359215096305	4.821527667427807e-10
0.00630957344480193	6.821167470051674e-10
0.008912509381337459	1.1898577446597085e-9
0.012589254117941675	1.5068983467398553e-9
0.01778279410038923	2.416429502891065e-9
0.025118864315095794	3.4149867874938044e-9
0.03548133892335755	5.370721498087612e-9
0.05011872336272722	9.134953114627953e-9
0.0707945784384138	2.198777278103226e-8
0.1	0.003489425744401447
0.14125375446227545	0.03441296182385687
0.19952623149688797	0.03529274856040604
0.28183829312644537	0.04262967140157007
