1.5848931924611142e-4	2.3773526873849877e-10
1.6595869074375615e-4	2.4893951708401086e-10
1.7378008287493782e-4	2.6067182469190547e-10
1.8197008586099862e-4	2.729570810887456e-10
1.9054607179632522e-4	2.858213492321063e-10
1.995262314968887e-4	2.9929192087545247e-10
2.0892961308540471e-4	3.1339737455158473e-10
2.187761623949563e-4	3.281676362994537e-10
2.290867652767784e-4	3.4363404326518296e-10
2.3988329190195045e-4	3.598294103146207e-10
2.5118864315095974e-4	3.767880998013773e-10
2.6302679918954004e-4	3.9454609464152357e-10
2.7542287033381884e-4	4.1314107485346704e-10
2.8840315031266293e-4	4.326124977295432e-10
3.019951720402044e-4	4.53001681814044e-10
3.162277660168412e-4	4.743518948712742e-10
3.311311214825945e-4	4.9670844603645e-10
3.467368504525356e-4	5.201187823520528e-10
3.6307805477010547e-4	5.44632589902622e-10
3.801893963205659e-4	5.703018997719332e-10
3.981071705535026e-4	5.971811990581689e-10
4.1686938347034103e-4	6.25327547194933e-10
4.3651583224017234e-4	6.548006978391954e-10
4.570881896148817e-4	6.856632266010228e-10
4.7863009232264586e-4	7.179806649049036e-10
5.011872336272807e-4	7.518216402881951e-10
5.248074602497814e-4	7.872580234590856e-10
5.495408738576344e-4	8.243650824545149e-10
5.754399373371673e-4	8.632216442577343e-10
6.025595860743692e-4	9.039102642558958e-10
6.309573444802052e-4	9.465174039402345e-10
6.606934480076086e-4	9.91133617275288e-10
6.91830970918949e-4	1.0378537461893492e-9
7.244359600750032e-4	1.0867771256660743e-9
7.585775750291975e-4	1.138007798947293e-9
7.94328234724296e-4	1.191654743389534e-9
8.317637711026862e-4	1.2478321075522457e-9
8.709635899560957e-4	1.3066594601340713e-9
9.120108393559256e-4	1.3682620514156127e-9
9.549925860214525e-4	1.432771087912873e-9
0.0010000000000000174	1.5003240209958748e-9
0.0010471285480509178	1.5710648502820265e-9
0.0010964781961432031	1.6451444426744818e-9
0.0011481536214969017	1.7227208679824808e-9
0.0012022644346174327	1.8039597521345726e-9
0.001258925411794188	1.88903464907723e-9
0.001318256738556429	1.9781274325420195e-9
0.0013803842646029063	2.0714287089651826e-9
0.00144543977074595	2.1691382529556322e-9
0.001513561248436232	2.2714654668324038e-9
0.0015848931924611384	2.3786298658925757e-9
0.0016595869074375869	2.490861591227105e-9
0.0017378008287494012	2.608401952077816e-9
0.0018197008586100104	2.7315039999260153e-9
0.0019054607179632755	2.8604331367253596e-9
0.0019952623149689093	2.9954677599419552e-9
0.0020892961308540707	3.136899947347178e-9
0.0021877616239495833	3.2850361848281027e-9
0.0022908676527678053	3.4401981408419766e-9
0.002398832919019524	3.602723491550772e-9
0.0025118864315096154	3.772966801136811e-9
0.002630267991895419	3.9513004623284305e-9
0.002754228703338203	4.138115702765224e-9
0.002884031503126644	4.3338236635160544e-9
0.003019951720402056	4.538856556842088e-9
0.0031622776601684215	4.753668911185829e-9
0.003311311214825955	4.978738912381686e-9
0.003467368504525359	5.2145698512432236e-9
0.0036307805477010582	5.4616916890083575e-9
0.003801893963205659	5.720662753641904e-9
0.003981071705535022	5.992071581734382e-9
0.0041686938347034064	6.276538922730233e-9
0.00436515832240171	6.574719924507373e-9
0.004570881896148803	6.887306521958777e-9
0.004786300923226439	7.215030053248066e-9
0.005011872336272781	7.558664131887213e-9
0.005248074602497787	7.919027806786299e-9
0.0054954087385763045	8.296989047037182e-9
0.005754399373371631	8.693468593512002e-9
0.006025595860743643	9.109444225497652e-9
0.0063095734448020005	9.545955497683304e-9
0.006606934480076032	1.000410901102438e-8
0.006918309709189433	1.0485084290509606e-8
0.007244359600749973	1.0990140353871814e-8
0.007585775750291913	1.152062306806524e-8
0.007943282347242895	1.2077973405182515e-8
0.008317637711026794	1.2663736726760251e-8
0.008709635899560886	1.3279573245546889e-8
0.00912010839355918	1.3927269837282494e-8
0.009549925860214447	1.4608753402467698e-8
0.010000000000000092	1.532610601019409e-8
0.010471285480509086	1.6081582093727654e-8
0.010964781961431946	1.6877628011711287e-8
0.011481536214968923	1.7716904340820046e-8
0.012022644346174229	1.8602311326960988e-8
0.012589254117941777	1.9537017994467575e-8
0.013182567385564175	2.0524495498397695e-8
0.013803842646028958	2.156855540667832e-8
0.014454397707459384	2.2673393719721368e-8
0.015135612484362196	2.3843641579266367e-8
0.015848931924611256	2.5084423790508864e-8
0.016595869074375724	2.6401426488114723e-8
0.01737800828749388	2.7800975525000378e-8
0.018197008586099957	2.9290127462084773e-8
0.019054607179632598	3.087677539917384e-8
0.01995262314968893	3.256977232618874e-8
0.020892961308540525	3.437907520822646e-8
0.021877616239495665	3.631591367023936e-8
0.022908676527677866	3.839298794620692e-8
0.023988329190195046	4.062470173998049e-8
0.02511886431509595	4.3027436856807375e-8
0.026302679918953964	4.561987796496132e-8
0.027542287033381817	4.842339771156084e-8
0.028840315031266203	5.146251474279313e-8
0.030199517204020317	5.4765440091893866e-8
0.03162277660168396	5.8364731061016293e-8
0.033113112148259266	6.229807634724886e-8
0.034673685045253325	6.660924202516891e-8
0.036307805477010284	7.134921546166707e-8
0.038018939632056284	7.65775937823315e-8
0.039810717055349894	8.236427576707791e-8
0.0416869383470337	8.87915318709102e-8
0.043651583224016764	9.59565475742046e-8
0.04570881896148766	1.0397456198615377e-7
0.047863009232264	1.129827586105243e-7
0.0501187233627274	1.2314511122886493e-7
0.05248074602497742	1.3465844878237574e-7
0.05495408738576262	1.4776008419137207e-7
0.05754399373371584	1.627374605041605e-7
0.06025595860743593	1.7994041372325528e-7
0.0630957344480195	1.9979684927212075e-7
0.06606934480075974	2.2283289829470904e-7
0.0691830970918938	2.496989891415892e-7
0.07244359600749914	2.812037789590024e-7
0.07585775750291851	3.183585985078151e-7
0.07943282347242829	3.624360546564883e-7
0.08317637711026721	4.1504783281942563e-7
0.08709635899560819	4.782487276835433e-7
0.09120108393559107	5.54676774706929e-7
0.09549925860214369	6.477434610861663e-7
0.10000000000000007	7.618939733589747e-7
0.10471285480509002	9.029662194579471e-7
0.10964781961431856	1.0786903762991409e-6
0.11481536214968832	1.2993901815063142e-6
0.12022644346174131	1.5789765945990368e-6
0.12589254117941673	1.936369322233422e-6
0.13182567385564067	2.3975508817262106e-6
0.13803842646028847	2.9985656980827812e-6
0.14454397707459268	3.7899466714892097e-6
0.1513561248436207	4.84332264192236e-6
0.1584893192461112	6.2613975527857555e-6
0.16595869074375594	8.1932069508936e-6
0.1737800828749374	1.0857741099617632e-5
0.18197008586099822	1.4581010604671446e-5
0.19054607179632457	1.9855012075894367e-5
0.19952623149688783	2.743289240731003e-5
0.2089296130854038	3.848485422421925e-5
0.21877616239495512	5.485759749044956e-5
0.22908676527677718	7.95131542634524e-5
0.23988329190194893	1.1728389702944682e-4
0.2511886431509579	1.761947872078167e-4
0.2630267991895381	2.698223431117346e-4
0.2754228703338165	4.215853797727556e-4
0.2884031503126605	6.727087009983798e-4
0.30199517204020154	0.0010973189682916252
0.31622776601683783	0.0018316977821839996
