1.5848931924611142e-4	1.358888801020279e-11
2.23872113856834e-4	1.988613943285729e-11
3.1622776601683794e-4	2.9477574083248265e-11
4.4668359215096305e-4	3.087066888448179e-11
6.30957344480193e-4	7.106402630557306e-11
8.912509381337459e-4	8.523772923502874e-11
0.0012589254117941675	1.2291272045705214e-10
0.0017782794100389228	1.6259181001914355e-10
0.0025118864315095794	2.571894919980594e-10
0.0035481338923357532	3.5223427634845996e-10
0.005011872336272725	5.983133045224401e-10
0.00707945784384138	6.039743333133315e-10
0.01	1.0150157865735521e-9
0.01412537544622754	1.6688640441048763e-9
0.0199526231496888	2.122810742113419e-9
0.028183829312644536	2.5578985947635914e-9
0.039810717055349734	4.598728216821397e-9
0.05623413251903491	8.780106430479292e-9
0.07943282347242814	2.5184893385477583e-8
0.11220184543019636	0.009955433886383494
0.15848931924611134	0.03996375552073153
0.22387211385683395	0.042292371554317636
0.31622776601683794	0.036323292955706826
