1.5848931924611142e-4	7.044007962622184e-8
1.6595869074375615e-4	7.3759856913781e-8
1.7378008287493782e-4	7.723609620500902e-8
1.8197008586099862e-4	8.087617217444313e-8
1.9054607179632522e-4	8.468780717988334e-8
1.995262314968887e-4	8.867908766680073e-8
2.0892961308540471e-4	9.285848134861771e-8
2.187761623949563e-4	9.723485519983815e-8
2.290867652767784e-4	1.0181749430079495e-7
2.3988329190195045e-4	1.0661612157470243e-7
2.5118864315095974e-4	1.1164091845966734e-7
2.6302679918954004e-4	1.1690254656045145e-7
2.7542287033381884e-4	1.2241217032695321e-7
2.8840315031266293e-4	1.2818148080875354e-7
3.019951720402044e-4	1.3422272053749454e-7
3.162277660168412e-4	1.4054870959148867e-7
3.311311214825945e-4	1.4717287289968889e-7
3.467368504525356e-4	1.5410926884505273e-7
3.6307805477010547e-4	1.6137261923040653e-7
3.801893963205659e-4	1.6897834067316547e-7
3.981071705535026e-4	1.7694257749871667e-7
4.1686938347034103e-4	1.852822362059061e-7
4.3651583224017234e-4	1.9401502158198385e-7
4.570881896148817e-4	2.031594745484512e-7
4.7863009232264586e-4	2.1273501182367513e-7
5.011872336272807e-4	2.2276196749279853e-7
5.248074602497814e-4	2.3326163658046976e-7
5.495408738576344e-4	2.442563207272637e-7
5.754399373371673e-4	2.557693760763657e-7
6.025595860743692e-4	2.678252634832284e-7
6.309573444802052e-4	2.8044960116747687e-7
6.606934480076086e-4	2.9366921993341864e-7
6.91830970918949e-4	3.0751222109314047e-7
7.244359600750032e-4	3.2200803723439237e-7
7.585775750291975e-4	3.3718749598438303e-7
7.94328234724296e-4	3.5308288693023225e-7
8.317637711026862e-4	3.6972803186733195e-7
8.709635899560957e-4	3.871583585582433e-7
9.120108393559256e-4	4.054109781972185e-7
9.549925860214525e-4	4.2452476678899946e-7
0.0010000000000000174	4.4454045066544436e-7
0.0010471285480509178	4.655006963798597e-7
0.0010964781961432031	4.874502052368836e-7
0.0011481536214969017	5.104358127355499e-7
0.0012022644346174327	5.345065932250586e-7
0.001258925411794188	5.597139700969571e-7
0.001318256738556429	5.861118318643022e-7
0.0013803842646029063	6.137566545082022e-7
0.00144543977074595	6.427076305053724e-7
0.001513561248436232	6.730268049873789e-7
0.0015848931924611384	7.047792195237261e-7
0.0016595869074375869	7.380330640672906e-7
0.0017378008287494012	7.72859837652686e-7
0.0018197008586100104	8.093345184965972e-7
0.0019054607179632755	8.475357442149213e-7
0.0019952623149689093	8.875460029457644e-7
0.0020892961308540707	9.294518362510158e-7
0.0021877616239495833	9.733440547638823e-7
0.0022908676527678053	1.019317967656882e-6
0.002398832919019524	1.0674736271261549e-6
0.0025118864315096154	1.1179160892257217e-6
0.002630267991895419	1.1707556925417573e-6
0.002754228703338203	1.2261083563748811e-6
0.002884031503126644	1.2840959003010532e-6
0.003019951720402056	1.3448463872124704e-6
0.0031622776601684215	1.4084944922032086e-6
0.003311311214825955	1.475181899964944e-6
0.003467368504525359	1.5450577337016958e-6
0.0036307805477010582	1.6182790189654392e-6
0.003801893963205659	1.6950111862642675e-6
0.003981071705535022	1.7754286168101872e-6
0.0041686938347034064	1.8597152363645138e-6
0.00436515832240171	1.9480651628169998e-6
0.004570881896148803	2.040683413913711e-6
0.004786300923226439	2.137786682443872e-6
0.005011872336272781	2.2396041872258408e-6
0.005248074602497787	2.3463786094181623e-6
0.0054954087385763045	2.458367125048054e-6
0.005754399373371631	2.5758425462257783e-6
0.006025595860743643	2.699094585332638e-6
0.0063095734448020005	2.828431258572831e-6
0.006606934480076032	2.964180447710928e-6
0.006918309709189433	3.106691641632476e-6
0.007244359600749973	3.256337882628686e-6
0.007585775750291913	3.4135179460934045e-6
0.007943282347242895	3.5786587867207453e-6
0.008317637711026794	3.7522182894104446e-6
0.008709635899560886	3.934688369050931e-6
0.00912010839355918	4.126598470305925e-6
0.009549925860214447	4.328519526657095e-6
0.010000000000000092	4.541068447464915e-6
0.010471285480509086	4.764913212956342e-6
0.010964781961431946	5.000778670136678e-6
0.011481536214968923	5.249453138020754e-6
0.012022644346174229	5.511795948729181e-6
0.012589254117941777	5.7887460724348375e-6
0.013182567385564175	6.081331999525242e-6
0.013803842646028958	6.390683083460242e-6
0.014454397707459384	6.718042583621147e-6
0.015135612484362196	7.064782690152998e-6
0.015848931924611256	7.432421863854479e-6
0.016595869074375724	7.822644885367326e-6
0.01737800828749388	8.237326081481592e-6
0.018197008586099957	8.678556285062155e-6
0.019054607179632598	9.148674192347806e-6
0.01995262314968893	9.650302911463329e-6
0.020892961308540525	1.0186392654289322e-5
0.021877616239495665	1.0760270717107958e-5
0.022908676527677866	1.1375700132209455e-5
0.023988329190195046	1.2036948663697925e-5
0.02511886431509595	1.274887017979478e-5
0.026302679918953964	1.3517000878507058e-5
0.027542287033381817	1.4347673396018026e-5
0.028840315031266203	1.5248152516383148e-5
0.030199517204020317	1.6226797064264847e-5
0.03162277660168396	1.7293253647708528e-5
0.033113112148259266	1.8458689288073737e-5
0.034673685045253325	1.9736071711161158e-5
0.036307805477010284	2.1140508284938394e-5
0.038018939632056284	2.2689657416987106e-5
0.039810717055349894	2.4404229856911976e-5
0.0416869383470337	2.630860203582524e-5
0.043651583224016764	2.8431569651616177e-5
0.04570881896148766	3.080727762552704e-5
0.047863009232264	3.347637292163683e-5
0.0501187233627274	3.6487440364108126e-5
0.05248074602497742	3.989879963922244e-5
0.05495408738576262	4.378076568633246e-5
0.05754399373371584	4.821850681604755e-5
0.06025595860743593	5.331567814022379e-5
0.0630957344480195	5.919906645099873e-5
0.06606934480075974	6.602456245769156e-5
0.0691830970918938	7.398488567158197e-5
0.07244359600749914	8.331963821007479e-5
0.07585775750291851	9.43284736319452e-5
0.07943282347242829	1.073884606389595e-4
0.08317637711026721	1.229771356502002e-4
0.08709635899560819	1.4170332672104984e-4
0.09120108393559107	1.6434867398723823e-4
0.09549925860214369	1.9192398846997524e-4
0.10000000000000007	2.2574636247673326e-4
0.10471285480509002	2.675455465060584e-4
0.10964781961431856	3.1961196334789356e-4
0.11481536214968832	3.8500449822409316e-4
0.12022644346174131	4.6784491691823305e-4
0.12589254117941673	5.737390584395325e-4
0.13182567385564067	7.103854464373956e-4
0.13803842646028847	8.884639105430464e-4
0.14454397707459268	0.0011229471619227287
0.1513561248436207	0.0014350585605695878
0.1584893192461112	0.0018552289045291124
0.16595869074375594	0.0024276168743388444
0.1737800828749374	0.0032171084739607797
0.18197008586099822	0.00432029943842117
0.19054607179632457	0.005882966541005738
0.19952623149688783	0.008128264416980752
0.2089296130854038	0.011402919770139037
0.21877616239495512	0.016254102960133205
0.22908676527677718	0.023559453115097006
0.23988329190194893	0.03475078430502128
0.2511886431509579	0.05220586287639013
0.2630267991895381	0.07994736092199542
0.2754228703338165	0.12491418659933498
0.2884031503126605	0.19932109659211253
0.30199517204020154	0.3251315461604815
0.31622776601683783	0.5427252687952592
