3.9810717055349735e-4	3.8219596739722186e-13
4.168693834703355e-4	4.0020963020475254e-13
4.3651583224016654e-4	4.190724466170791e-13
4.570881896148761e-4	4.3882446502464847e-13
4.786300923226395e-4	4.595076255391321e-13
5.01187233627274e-4	4.811658497844388e-13
5.248074602497745e-4	5.038451350138085e-13
5.49540873857627e-4	5.275936527708832e-13
5.754399373371602e-4	5.524618523249437e-13
6.025595860743611e-4	5.785025691237656e-13
6.309573444801969e-4	6.05771138521742e-13
6.606934480075998e-4	6.343255150561763e-13
6.918309709189405e-4	6.64226397561174e-13
7.244359600749935e-4	6.955373604262781e-13
7.585775750291874e-4	7.283249913262563e-13
7.943282347242854e-4	7.626590357692907e-13
8.317637711026751e-4	7.98612548833426e-13
8.70963589956085e-4	8.362620544857943e-13
9.120108393559134e-4	8.75687712905981e-13
9.549925860214398e-4	9.169734962642275e-13
0.0010000000000000041	9.602073734373473e-13
0.001047128548050904	1.0054815041804841e-12
0.0010964781961431895	1.0528924433116556e-12
0.0011481536214968864	1.102541355508773e-12
0.0012022644346174167	1.1545342413661119e-12
0.0012589254117941714	1.208982175409411e-12
0.0013182567385564114	1.2660015568268744e-12
0.0013803842646028894	1.3257143737376999e-12
0.001445439770745931	1.3882484818915862e-12
0.0015135612484362118	1.4537378987727199e-12
0.0015848931924611173	1.5223231141712285e-12
0.0016595869074375648	1.5941514183853259e-12
0.00173780082874938	1.6693772493297815e-12
0.0018197008586099863	1.7481625599526274e-12
0.0019054607179632501	1.830677207504206e-12
0.001995262314968883	1.917099366362825e-12
0.002089296130854043	2.0076159663021688e-12
0.0021877616239495564	2.1024231582899593e-12
0.0022908676527677745	2.2017268101388355e-12
0.0023988329190194925	2.305743034592464e-12
0.002511886431509582	2.4146987527275254e-12
0.0026302679918953843	2.5288322958901628e-12
0.002754228703338169	2.6483940497697103e-12
0.002884031503126606	2.773647144650237e-12
0.003019951720402016	2.9048681963788974e-12
0.0031622776601683794	3.0423481031588892e-12
0.003311311214825911	3.1863929039242367e-12
0.0034673685045253167	3.3373247047956225e-12
0.00363078054770101	3.495482680965302e-12
0.003801893963205609	3.6612241623307685e-12
0.003981071705534969	3.8349258123099546e-12
0.004168693834703351	4.0169849105472965e-12
0.004365158322401657	4.207820751684665e-12
0.004570881896148743	4.407876174053558e-12
0.004786300923226376	4.617619234078701e-12
0.005011872336272715	4.837545044407753e-12
0.005248074602497718	5.068177796343162e-12
0.005495408738576237	5.310072990103731e-12
0.0057543993733715545	5.5638198998476045e-12
0.006025595860743562	5.83004430431842e-12
0.006309573444801917	6.10941151851723e-12
0.006606934480075944	6.402629767055517e-12
0.006918309709189349	6.7104539459260626e-12
0.007244359600749877	7.033689826477868e-12
0.0075857757502918125	7.373198763561655e-12
0.00794328234724279	7.7299029793167e-12
0.008317637711026683	8.104791505126444e-12
0.008709635899560779	8.498926877149899e-12
0.009120108393559059	8.913452695860673e-12
0.00954992586021432	9.349602177579195e-12
0.009999999999999959	9.808707846524077e-12
0.010471285480508952	1.0292212539985557e-11
0.0109647819614318	1.0801681927495066e-11
0.011481536214968776	1.1338818778124672e-11
0.01202264434617407	1.190547924925486e-11
0.01258925411794161	1.2503691516459072e-11
0.013182567385564007	1.313567711897434e-11
0.013803842646028774	1.3803875460273924e-11
0.014454397707459198	1.451097198062147e-11
0.015135612484361995	1.5259930610730254e-11
0.015848931924611044	1.6054031225925443e-11
0.016595869074375512	1.6896912952393186e-11
0.017378008287493647	1.779262433599998e-11
0.01819700858609972	1.874568157573398e-11
0.019054607179632345	1.9761136255470953e-11
0.019952623149688667	2.0844654288760465e-11
0.020892961308540257	2.2002608133264608e-11
0.021877616239495374	2.324218474895282e-11
0.02290867652767757	2.4571512285572047e-11
0.023988329190194727	2.5999809113587095e-11
0.025118864315095617	2.7537559588356253e-11
0.026302679918953627	2.9196721897574756e-11
0.02754228703338145	3.0990974535398385e-11
0.028840315031265835	3.293600943538704e-11
0.030199517204019914	3.504988165881141e-11
0.031622776601683535	3.7353427879049716e-11
0.03311311214825884	3.9870768862238534e-11
0.03467368504525287	4.2629914896107254e-11
0.036307805477009826	4.5663497895466055e-11
0.03801893963205578	4.900966002069112e-11
0.039810717055349366	5.271313649092874e-11
0.041686938347033166	5.682658039738131e-11
0.04365158322401619	6.141219044748953e-11
0.045708818961487076	6.654371967113689e-11
0.04786300923226336	7.230896551073379e-11
0.050118723362726735	7.88128711864716e-11
0.052480746024976745	8.618140722071832e-11
0.05495408738576189	9.45664538824755e-11
0.057543993733715104	1.0415197472265988e-10
0.06025595860743513	1.1516186478287996e-10
0.06309573444801865	1.278699835341533e-10
0.0660693448007589	1.426130549086093e-10
0.06918309709189288	1.5980735305061177e-10
0.07244359600749821	1.7997041853375532e-10
0.07585775750291751	2.037495030449941e-10
0.07943282347242724	2.319590749801434e-10
0.08317637711026615	2.656306130044222e-10
0.08709635899560703	3.060791857174547e-10
0.0912010839355899	3.5499313581241977e-10
0.09549925860214242	4.145558150951275e-10
0.09999999999999877	4.876121429497213e-10
0.10471285480508864	5.778983804530576e-10
0.1096478196143171	6.903618408314138e-10
0.11481536214968682	8.316097161639962e-10
0.12022644346173975	1.010545020543326e-9
0.12589254117941506	1.2392763662293158e-9
0.13182567385563895	1.534432564304679e-9
0.1380384264602866	1.919082046772852e-9
0.1445439770745908	2.425565869752928e-9
0.15135612484361874	3.099726490830089e-9
0.15848931924610915	4.007294433782584e-9
0.16595869074375377	5.243652448571497e-9
0.17378008287493515	6.948954303754722e-9
0.18197008586099583	9.33184678698893e-9
0.1905460717963221	1.2707207728571289e-8
0.19952623149688523	1.7557051140676783e-8
0.2089296130854011	2.463030670349793e-8
0.2187761623949523	3.510886239388419e-8
0.22908676527677418	5.088841872860393e-8
0.2398832919019458	7.506169409883742e-8
0.2511886431509546	1.1276466381298946e-7
0.26302679918953464	1.7268629959148894e-7
0.27542287033381296	2.698146430545295e-7
0.28840315031265673	4.305335686389043e-7
0.3019951720401976	7.022841397065401e-7
0.3162277660168337	1.1722865805975847e-6
