0.0031622776601683794	4.960292611840468e-11
0.0031988951096913972	5.020665355358301e-11
0.003235936569296284	5.0818058065236596e-11
0.003273406948788383	5.1437245786061476e-11
0.0033113112148259144	5.206432452607183e-11
0.0033496543915782794	5.2699403804256866e-11
0.0033884415613920273	5.334259488096034e-11
0.0034276778654645083	5.3994010791000463e-11
0.00346736850452532	5.4653766377552305e-11
0.0035075187395256866	5.532197832681067e-11
0.0035481338923357606	5.59987652034582e-11
0.0035892193464500573	5.668424748695703e-11
0.0036307805477010214	5.737854760869114e-11
0.003672823004980854	5.808178998997644e-11
0.0037153522909717353	5.879410108097092e-11
0.003758374042884451	5.951560940050244e-11
0.0038018939632056205	6.024644557684375e-11
0.003845917820453547	6.098674238946237e-11
0.0038904514499428166	6.173663481176669e-11
0.003935500754557788	6.249626005488641e-11
0.0039810717055349856	6.326575761250547e-11
0.004027170343254603	6.404526930678686e-11
0.004073802778041142	6.483493933541655e-11
0.004120975190973317	6.563491431979598e-11
0.004168693834703372	6.644534335442269e-11
0.004216965034285839	6.72663780574897e-11
0.004265795188015943	6.809817262273673e-11
0.004315190768277672	6.894088387259626e-11
0.004365158322401679	6.979467131266707e-11
0.004415704473533148	7.065969718755628e-11
0.004466835921509653	7.153612653813156e-11
0.004518559443749245	7.24241272602225e-11
0.004570881896148776	7.332387016481752e-11
0.004623810213992627	7.423552903979904e-11
0.00467735141287201	7.515928071326505e-11
0.004731512589614832	7.609530511848238e-11
0.00478630092322641	7.704378536052421e-11
0.004841723675841024	7.800490778464109e-11
0.004897788193684491	7.897886204641919e-11
0.0049545019080479355	7.996584118378147e-11
0.005011872336272756	8.096604169088773e-11
0.005069907082747076	8.197966359399158e-11
0.005128613839913685	8.30069105293195e-11
0.005188000389289646	8.404798982302753e-11
0.005248074602497766	8.51031125733108e-11
0.005308844442309922	8.617249373472513e-11
0.005370317963702565	8.725635220479519e-11
0.005432503314924375	8.835491091298125e-11
0.005495408738576287	8.946839691208076e-11
0.005559042572704082	9.05970414721398e-11
0.005623413251903537	9.174108017696065e-11
0.00568852930843846	9.290075302328434e-11
0.0057543993733716195	9.40763045227382e-11
0.005821032177708764	9.526798380663881e-11
0.0058884365535559445	9.647604473374245e-11
0.005956621435290159	9.770074600104204e-11
0.00602559586074363	9.894235125771159e-11
0.00609536897240175	1.0020112922230054e-10
0.006165950018614879	1.0147735380328931e-10
0.006237348354824255	1.0277130422311881e-10
0.0063095734448019945	1.0408326514580862e-10
0.006382634861905548	1.054135268082901e-10
0.006456542290346622	1.0676238515557586e-10
0.006531305526474789	1.0813014197989907e-10
0.006606934480076032	1.0951710506396296e-10
0.0066834391756862175	1.1092358832843452e-10
0.006760829753919888	1.1234991198383668e-10
0.006839116472814369	1.1379640268698919e-10
0.006918309709189441	1.1526339370215827e-10
0.006998419960022817	1.1675122506708141e-10
0.00707945784384146	1.1826024376403585e-10
0.007161434102129101	1.1979080389613965e-10
0.007244359600749988	1.213432668690591e-10
0.007328245331389127	1.2291800157832692e-10
0.007413102413009268	1.2451538460247113e-10
0.007498942093324651	1.261358004021585e-10
0.007585775750291929	1.277796415255837e-10
0.0076736148936182875	1.294473088203216e-10
0.0077624711662870145	1.3113921165188655e-10
0.007852356346100823	1.3285576812924426e-10
0.00794328234724292	1.3459740533753488e-10
0.008035261221856277	1.363645595782783e-10
0.008128305161641104	1.3815767661733709e-10
0.008222426499470822	1.3997721194093753e-10
0.008317637711026827	1.4182363102004604e-10
0.008413951416452068	1.4369740958342388e-10
0.00851138038202388	1.4559903389969196e-10
0.00860993752184613	1.4752900106875178e-10
0.00870963589956093	1.4948781932292237e-10
0.008810488730080272	1.5147600833817317e-10
0.008912509381337587	1.5349409955585167e-10
0.0090157113760597	1.5554263651530334e-10
0.009120108393559237	1.5762217519783424e-10
0.00922571427154777	1.5973328438244867e-10
0.009332543007970057	1.6187654601384284e-10
0.009440608762859381	1.640525555831416e-10
0.009549925860214506	1.6626192252189083e-10
0.009660508789898289	1.6850527060984712e-10
0.009772372209558261	1.7078323839712494e-10
0.009885530946569552	1.730964796412872e-10
0.010000000000000163	1.754456637599991e-10
0.010115794542599154	1.7783147629988923e-10
0.010232929922807714	1.8025461942228602e-10
0.010351421666793611	1.827158124065515e-10
0.010471285480509173	1.8521579217173475e-10
0.01059253725177307	1.877553138173353e-10
0.01071519305237625	1.903351511839862e-10
0.010839269140212228	1.9295609743490188e-10
0.010964781961432041	1.9561896565900084e-10
0.011091748152624207	1.9832458949662634e-10
0.011220184543019837	2.0107382378885648e-10
0.011350108156723358	2.0386754525144136e-10
0.01148153621496904	2.06706653174441e-10
0.01161448613840364	2.0959207014871217e-10
0.011748975549395514	2.125247428204391e-10
0.011885022274370409	2.1550564267496174e-10
0.012022644346174359	2.1853576685122587e-10
0.012161860006463915	2.2161613898824236e-10
0.01230268770812405	2.2474781010501998e-10
0.012445146117714093	2.2793185951550144e-10
0.01258925411794192	2.3116939578012397e-10
0.01273503081016687	2.34461557695707e-10
0.012882495516931599	2.378095153254539e-10
0.013031667784523254	2.41214471070956e-10
0.013182567385564337	2.4467766078818793e-10
0.013335214321633513	2.482003549495838e-10
0.013489628825916816	2.517838598544108e-10
0.013645831365889531	2.5542951888975327e-10
0.013803842646029135	2.591387138445772e-10
0.01396368361055967	2.6291286627945724e-10
0.014125375446227844	2.6675343895469703e-10
0.014288939585111337	2.706619373197444e-10
0.01445439770745959	2.746399110669281e-10
0.014621771744567497	2.786889557527604e-10
0.014791083881682397	2.828107144901876e-10
0.014962356560944665	2.8700687971541227e-10
0.01513561248436242	2.912791950330641e-10
0.015310874616820647	2.956294571437793e-10
0.01548816618912516	3.0005951785842193e-10
0.015667510701081844	3.0457128620348265e-10
0.0158489319246115	3.091667306224228e-10
0.016032453906900786	3.1384788127803047e-10
0.01621810097358968	3.186168324611641e-10
0.016405897731995772	3.23475745111566e-10
0.016595869074375994	3.28426849456799e-10
0.016788040181226	3.334724477756939e-10
0.01698243652461785	3.3861491729313874e-10
0.0171790838715763	3.4385671321341503e-10
0.01737800828749417	3.492003718997628e-10
0.017579236139587354	3.546485142083432e-10
0.017782794100389663	3.602038489852743e-10
0.017988709151288324	3.6586917673596233e-10
0.01819700858610029	3.716473934765756e-10
0.018407720014690016	3.775414947781005e-10
0.01862087136662914	3.8355458001414966e-10
0.018836490894898483	3.896898568243767e-10
0.01905460717963296	3.9595064580618433e-10
0.01927524913190986	4.023403854482243e-10
0.019498445997580955	4.0886263732010624e-10
0.01972422736114905	4.155210915337304e-10
0.01995262314968932	4.223195724926572e-10
0.020183663636816142	4.2926204494712396e-10
0.02041737944669584	4.3635262037349054e-10
0.02065380155810584	4.4359556369822016e-10
0.020892961308540955	4.509953003879296e-10
0.021134890398367037	4.5855642392855876e-10
0.021379620895022905	4.662837037183568e-10
0.021627185237270797	4.741820934011883e-10
0.021877616239496123	4.822567396685347e-10
0.022130947096056987	4.905129915607291e-10
0.02238721138568402	4.989564103001253e-10
0.022646443075931232	5.07592779691423e-10
0.02290867652767838	5.164281171269695e-10
0.023173946499685436	5.254686852377202e-10
0.023442288153199885	5.347210042337056e-10
0.02371373705661723	5.441918649811465e-10
0.023988329190195598	5.538883428671203e-10
0.024266100950824862	5.638178125065855e-10
0.024547089156851012	5.739879633509961e-10
0.02483133105295643	5.844068162623789e-10
0.02511886431509654	5.950827411219528e-10
0.025409727055493804	6.060244755480069e-10
0.02570395782768941	6.172411448037718e-10
0.026001595631653492	6.287422829828564e-10
0.02630267991895461	6.405378555670104e-10
0.0266072505979889	6.526382834590532e-10
0.02691534803926998	6.65054468602517e-10
0.027227013080779964	6.777978213091871e-10
0.027542287033382507	6.908802894261829e-10
0.027861211686298563	7.043143894858489e-10
0.028183829312645414	7.181132399943064e-10
0.028510182675039988	7.322905970285626e-10
0.02884031503126697	7.468608923273096e-10
0.029174270140012584	7.618392740775251e-10
0.02951209226666479	7.772416506175674e-10
0.02985382618918055	7.930847372979998e-10
0.030199517204021132	8.093861067641532e-10
0.030549211132156123	8.261642429494335e-10
0.0309029543251369	8.434385990962583e-10
0.031260793671240565	8.61229660152243e-10
0.031622776601684825	8.795590099234124e-10
0.03198895109691503	8.984494034041365e-10
0.0323593656929639	9.179248447456114e-10
0.0327340694878849	9.380106713716576e-10
0.03311311214826021	9.58733644802792e-10
0.03349654391578389	9.801220488078803e-10
0.0338844156139214	1.0022057955677635e-9
0.034276778654646206	1.025016540608023e-9
0.03467368504525434	1.0485878073395698e-9
0.035075187395257994	1.0729551221371092e-9
0.035481338923358766	1.098156160988129e-9
0.035892193464501766	1.1242309088602666e-9
0.0363078054770114	1.1512218330647997e-9
0.03672823004980974	1.179174072040227e-9
0.03715352290971855	1.2081356411450394e-9
0.03758374042884574	1.2381576572355338e-9
0.03801893963205747	1.2692945840158746e-9
0.03845917820453673	1.301604500387402e-9
0.038904514499429436	1.3351493942964312e-9
0.039355007545579156	1.3699954848896713e-9
0.03981071705535116	1.4062135761394634e-9
0.04027170343254737	1.4438794455042207e-9
0.04073802778041276	1.4830742716503611e-9
0.04120975190973451	1.523885105790507e-9
0.04168693834703507	1.5664053917988357e-9
0.04216965034285978	1.6107355409623094e-9
0.042657951880160846	1.656983568029976e-9
0.043151907682778136	1.7052657961509873e-9
0.043651583224018214	1.7557076393661714e-9
0.0441570447353329	1.8084444725637318e-9
0.04466835921509799	1.8636226002578796e-9
0.045185594437493946	1.921400337236218e-9
0.04570881896148925	1.981949216091826e-9
0.04623810213992778	2.0454553389626225e-9
0.046773514128721605	2.1121208935071804e-9
0.04731512589614987	2.1821658563317272e-9
0.04786300923226569	2.2558299108407777e-9
0.04841723675841182	2.333374610930855e-9
0.04897788193684652	2.4150858272223503e-9
0.04954501908048095	2.501276518804535e-9
0.0501187233627292	2.592289880964525e-9
0.050699070827472444	2.6885029283495633e-9
0.05128613839913853	2.790330583799941e-9
0.051880003892898166	2.898230356098344e-9
0.05248074602497935	3.012707705622747e-9
0.05308844442310096	3.134322216009685e-9
0.05370317963702744	3.2636947132475318e-9
0.05432503314924553	3.4015155021599215e-9
0.054954087385764676	3.5485539253259176e-9
0.05559042572704262	3.7056694928074817e-9
0.05623413251903721	3.873824884792576e-9
0.05688529308438649	4.054101196237854e-9
0.057543993733718074	4.247715876482599e-9
0.05821032177708954	4.456043922427523e-9
0.05888436553556134	4.680643017584113e-9
0.05956621435290353	4.923283479546317e-9
0.060255958607438306	5.185984096502617e-9
0.06095368972401949	5.471055214495378e-9
0.06165950018615081	5.7811508018765484e-9
0.06237348354824456	6.11933169402506e-9
0.06309573444802201	6.4891428488201115e-9
0.0638263486190576	6.894708275810885e-9
0.06456542290346834	7.3408484156531695e-9
0.06531305526475004	7.833226249323335e-9
0.06606934480076244	8.378530463975248e-9
0.06683439175686436	8.984706819135131e-9
0.06760829753920113	9.661252773729052e-9
0.06839116472814594	1.0419595942833843e-8
0.06918309709189667	1.1273584794481214e-8
0.06998419960023042	1.2240131306175235e-8
0.07079457843841692	1.3340061842808434e-8
0.07161434102129338	1.4599257084261524e-8
0.07244359600750225	1.60501989215115e-8
0.07328245331389367	1.7734099253189093e-8
0.07413102413009506	1.9703874986291737e-8
0.07498942093324895	2.2028376686646138e-8
0.07585775750292181	2.4798513087740864e-8
0.07673614893618538	2.8136308944439496e-8
0.07762471166287269	3.220861903826783e-8
0.07852356346101075	3.724844901975893e-8
0.07943282347243179	4.3589117017480915e-8
0.08035261221856543	5.1720919402927254e-8
0.08128305161641369	6.238898706400698e-8
0.0822242649947109	7.677047507725882e-8
0.08317637711027095	9.681410509208116e-8
