0.0031622776601683794	4.357928996484592e-9
0.003758374042884443	4.400449113015627e-9
0.0044668359215096305	5.421532799160586e-9
0.005308844442309885	5.160283275443046e-9
0.00630957344480193	8.50617462586899e-9
0.007498942093324558	6.0743886274768225e-9
0.008912509381337459	1.059003772654016e-8
0.010592537251772886	1.075668026561791e-8
0.012589254117941675	1.575767742526763e-8
0.014962356560944336	1.6584765507146532e-8
0.01778279410038923	2.3316727080761844e-8
0.021134890398366465	2.1907888877544653e-8
0.025118864315095794	3.176832063609193e-8
0.029853826189179603	4.0312875820459156e-8
0.03548133892335755	5.915470278312995e-8
0.042169650342858224	5.744002384833527e-8
0.05011872336272722	1.0085481946238033e-7
0.059566214352901034	1.4066937172439993e-6
0.0707945784384138	7.543729720228445e-4
