1.5848931924611142e-4	8.175177334408719e13
2.23872113856834e-4	1.2132523237531172e14
3.1622776601683794e-4	1.1644281058749914e14
4.4668359215096305e-4	1.2866276169100623e14
6.30957344480193e-4	1.3221524304016858e14
8.912509381337459e-4	1.412208624009017e14
0.0012589254117941675	1.3486251272570498e14
0.0017782794100389228	1.495201476206517e14
0.0025118864315095794	1.6020260201574216e14
0.0035481338923357532	1.5833743886449594e14
0.005011872336272725	8.93779633662308e13
0.00707945784384138	383.87875543605367
0.01	19.085234529102078
0.01412537544622754	6.428146252196545
0.0199526231496888	3.8865453379648964
0.028183829312644536	2.2251100986625123
0.039810717055349734	1.5684840124519903
0.05623413251903491	1.1890176208189802
0.07943282347242814	0.8770226342905001
0.11220184543019636	0.7073825831759275
0.15848931924611134	0.6027425300540761
0.22387211385683395	0.4578435065653819
0.31622776601683794	0.2377884621770905
