0.0031622776601683794	5.189866010871654e-9
0.003758374042884443	5.966577625456788e-9
0.0044668359215096305	6.5405113643095705e-9
0.005308844442309885	9.022817233138497e-9
0.00630957344480193	1.1623007890643405e-8
0.007498942093324558	1.3179116601798184e-8
0.008912509381337459	1.6626968426448528e-8
0.010592537251772886	2.0857441069240524e-8
0.012589254117941675	1.9112418709909242e-8
0.014962356560944336	2.7752187129372834e-8
0.01778279410038923	3.825523386463505e-8
0.021134890398366465	5.215213409058561e-8
0.025118864315095794	5.635050971124513e-8
0.029853826189179603	7.680454345165091e-8
0.03548133892335755	1.0695544767380781e-7
0.042169650342858224	1.6179030664935798e-7
0.05011872336272722	9.070852272055342e-5
0.059566214352901034	0.008231202571281945
0.0707945784384138	0.041755604902909735
