1.5848931924611142e-4	2.3656998463251918e-12
2.23872113856834e-4	3.414148965049141e-12
3.1622776601683794e-4	4.770722228234263e-12
4.4668359215096305e-4	7.285749327643597e-12
6.30957344480193e-4	8.73139649836114e-12
8.912509381337459e-4	1.3218662278963038e-11
0.0012589254117941675	1.849138863404623e-11
0.0017782794100389228	2.3804743838337233e-11
0.0025118864315095794	4.136109507895121e-11
0.0035481338923357532	5.225450016672233e-11
0.005011872336272725	7.820521862668046e-11
0.00707945784384138	1.0524436982187948e-10
0.01	1.4757515813431713e-10
0.01412537544622754	2.3835447830405187e-10
0.0199526231496888	3.6135022453882754e-10
0.028183829312644536	4.929755598531424e-10
0.039810717055349734	8.88692736561849e-10
0.05623413251903491	1.5423910160475498e-9
0.07943282347242814	0.008181692619328962
0.11220184543019636	0.03403110521678049
0.15848931924611134	0.0392342468712591
0.22387211385683395	0.03650345795710476
0.31622776601683794	0.04107456091865264
