0.0031622776601683794	4.753668911185766e-9
0.0031988951096913972	4.808955537938597e-9
0.003235936569296284	4.864890856388859e-9
0.003273406948788383	4.921482677289621e-9
0.0033113112148259144	4.978738912381625e-9
0.0033496543915782794	5.0366675759347325e-9
0.0033884415613920273	5.095276786320478e-9
0.0034276778654645083	5.154574767616418e-9
0.00346736850452532	5.214569851243163e-9
0.0035075187395256866	5.2752704776350896e-9
0.0035481338923357606	5.336685197945402e-9
0.0035892193464500573	5.398822675786776e-9
0.0036307805477010214	5.4616916890083005e-9
0.003672823004980854	5.525301131509839e-9
0.0037153522909717353	5.589660015094881e-9
0.003758374042884451	5.654777471362805e-9
0.0038018939632056205	5.720662753641842e-9
0.003845917820453547	5.787325238963696e-9
0.0038904514499428166	5.854774430081105e-9
0.003935500754557788	5.923019957529557e-9
0.0039810717055349856	5.992071581734328e-9
0.004027170343254603	6.061939195164245e-9
0.004073802778041142	6.132632824533437e-9
0.004120975190973317	6.204162633052437e-9
0.004168693834703372	6.2765389227301845e-9
0.004216965034285839	6.349772136728211e-9
0.004265795188015943	6.423872861768754e-9
0.004315190768277672	6.498851830598159e-9
0.004365158322401679	6.574719924507327e-9
0.004415704473533148	6.651488175910897e-9
0.004466835921509653	6.729167770986795e-9
0.004518559443749245	6.807770052378055e-9
0.004570881896148776	6.887306521958736e-9
0.004623810213992627	6.967788843665758e-9
0.00467735141287201	7.049228846398874e-9
0.004731512589614832	7.131638526990529e-9
0.00478630092322641	7.215030053248024e-9
0.004841723675841024	7.299415767069929e-9
0.004897788193684491	7.384808187639179e-9
0.0049545019080479355	7.471220014695168e-9
0.005011872336272756	7.558664131887176e-9
0.005069907082747076	7.647153610211813e-9
0.005128613839913685	7.736701711536882e-9
0.005188000389289646	7.827321892214514e-9
0.005248074602497766	7.919027806786264e-9
0.005308844442309922	8.01183331178305e-9
0.005370317963702565	8.105752469622982e-9
0.005432503314924375	8.200799552610102e-9
0.005495408738576287	8.296989047037157e-9
0.005559042572704082	8.394335657395929e-9
0.005623413251903537	8.492854310698243e-9
0.00568852930843846	8.592560160911473e-9
0.0057543993733716195	8.693468593511982e-9
0.005821032177708764	8.795595230160381e-9
0.0058884365535559445	8.898955933502608e-9
0.005956621435290159	9.003566812100694e-9
0.00602559586074363	9.109444225497636e-9
0.00609536897240175	9.216604789420559e-9
0.006165950018614879	9.325065381126768e-9
0.006237348354824255	9.43484314489739e-9
0.0063095734448019945	9.545955497683294e-9
0.006382634861905548	9.65842013490853e-9
0.006456542290346622	9.772255036436269e-9
0.006531305526474789	9.887478472702662e-9
0.006606934480076032	1.000410901102438e-8
0.0066834391756862175	1.012216552208528e-8
0.006760829753919888	1.024166718660849e-8
0.006839116472814369	1.0362633502219917e-8
0.006918309709189441	1.0485084290509618e-8
0.006998419960022817	1.0609039704297834e-8
0.00707945784384146	1.0734520235112372e-8
0.007161434102129101	1.0861546720884664e-8
0.007244359600749988	1.0990140353871838e-8
0.007328245331389127	1.1120322688812409e-8
0.007413102413009268	1.125211565132378e-8
0.007498942093324651	1.1385541546549522e-8
0.007585775750291929	1.1520623068065266e-8
0.0076736148936182875	1.1657383307051891e-8
0.0077624711662870145	1.1795845761745261e-8
0.007852356346100823	1.1936034347172244e-8
0.00794328234724292	1.2077973405182552e-8
0.008035261221856277	1.2221687714787092e-8
0.008128305161641104	1.236720250281318e-8
0.008222426499470822	1.2514543454887771e-8
0.008317637711026827	1.26637367267603e-8
0.008413951416452068	1.2814808955976814e-8
0.00851138038202388	1.2967787273917972e-8
0.00860993752184613	1.3122699318213569e-8
0.00870963589956093	1.3279573245546953e-8
0.008810488730080272	1.3438437744863255e-8
0.008912509381337587	1.3599322050995461e-8
0.0090157113760597	1.3762255958723682e-8
0.009120108393559237	1.3927269837282583e-8
0.00922571427154777	1.4094394645333343e-8
0.009332543007970057	1.4263661946416781e-8
0.009440608762859381	1.4435103924904694e-8
0.009549925860214506	1.460875340246779e-8
0.009660508789898289	1.4784643855078551e-8
0.009772372209558261	1.4962809430568455e-8
0.009885530946569552	1.514328496676005e-8
0.010000000000000163	1.5326106010194202e-8
0.010115794542599154	1.5511308835474962e-8
0.010232929922807714	1.5698930465254007e-8
0.010351421666793611	1.5889008690878695e-8
0.010471285480509173	1.6081582093727793e-8
0.01059253725177307	1.627669006726039e-8
0.01071519305237625	1.647437283980442e-8
0.010839269140212228	1.6674671498112187e-8
0.010964781961432041	1.6877628011711443e-8
0.011091748152624207	1.708328525808168e-8
0.011220184543019837	1.7291687048686537e-8
0.011350108156723358	1.7502878155894312e-8
0.01148153621496904	1.7716904340820235e-8
0.01161448613840364	1.793381238212494e-8
0.011748975549395514	1.8153650105805532e-8
0.011885022274370409	1.8376466416016677e-8
0.012022644346174359	1.8602311326961193e-8
0.012161860006463915	1.883123599589047e-8
0.01230268770812405	1.9063292757257626e-8
0.012445146117714093	1.9298535158067234e-8
0.01258925411794192	1.9537017994467813e-8
0.01273503081016687	1.977879734963497e-8
0.012882495516931599	2.002393063299508e-8
0.013031667784523254	2.027247662084158e-8
0.013182567385564337	2.052449549839796e-8
0.013335214321633513	2.0780048903383912e-8
0.013489628825916816	2.1039199971143535e-8
0.013645831365889531	2.1302013381396876e-8
0.013803842646029135	2.1568555406678623e-8
0.01396368361055967	2.1838893962530813e-8
0.014125375446227844	2.2113098659518764e-8
0.014288939585111337	2.239124085714285e-8
0.01445439770745959	2.267339371972171e-8
0.014621771744567497	2.2959632274325653e-8
0.014791083881682397	2.325003347084252e-8
0.014962356560944665	2.3544676244261812e-8
0.01513561248436242	2.3843641579266754e-8
0.015310874616820647	2.4147012577227713e-8
0.01548816618912516	2.4454874525694537e-8
0.015667510701081844	2.4767314970489806e-8
0.0158489319246115	2.50844237905093e-8
0.016032453906900786	2.5406293275341046e-8
0.01621810097358968	2.5733018205818797e-8
0.016405897731995772	2.6064695937631483e-8
0.016595869074375994	2.6401426488115206e-8
0.016788040181226	2.6743312626360384e-8
0.01698243652461785	2.7090459966772582e-8
0.0171790838715763	2.744297706623169e-8
0.01737800828749417	2.7800975525000908e-8
0.017579236139587354	2.8164570091544038e-8
0.017782794100389663	2.8533878771416397e-8
0.017988709151288324	2.8909022940403058e-8
0.01819700858610029	2.929012746208539e-8
0.018407720014690016	2.9677320810026006e-8
0.01862087136662914	3.0070735194770683e-8
0.018836490894898483	3.047050669587509e-8
0.01905460717963296	3.087677539917452e-8
0.01927524913190986	3.128968553952457e-8
0.019498445997580955	3.170938564925184e-8
0.01972422736114905	3.2136028712565136e-8
0.01995262314968932	3.2569772326189476e-8
0.020183663636816142	3.3010778866498346e-8
0.02041737944669584	3.345921566343247e-8
0.02065380155810584	3.391525518150731e-8
0.020892961308540955	3.437907520822731e-8
0.021134890398367037	3.485085905023852e-8
0.021379620895022905	3.5330795737570064e-8
0.021627185237270797	3.581908023632989e-8
0.021877616239496123	3.631591367024028e-8
0.022130947096056987	3.6821503551416286e-8
0.02238721138568402	3.733606402081191e-8
0.022646443075931232	3.785981609877913e-8
0.02290867652767838	3.839298794620797e-8
0.023173946499685436	3.89358151367393e-8
0.023442288153199885	3.9488540940567655e-8
0.02371373705661723	4.0051416620377035e-8
0.023988329190195598	4.062470173998166e-8
0.024266100950824862	4.120866448627216e-8
0.024547089156851012	4.180358200510016e-8
0.02483133105295643	4.240974075176578e-8
0.02511886431509654	4.302743685680866e-8
0.025409727055493804	4.365697650783991e-8
0.02570395782768941	4.429867634819042e-8
0.026001595631653492	4.4952863893193495e-8
0.02630267991895461	4.561987796496275e-8
0.0266072505979889	4.63000691465726e-8
0.02691534803926998	4.699380025659768e-8
0.027227013080779964	4.770144684501939e-8
0.027542287033382507	4.8423397711562435e-8
0.027861211686298563	4.91600554475829e-8
0.028183829312645414	4.991183700269017e-8
0.028510182675039988	5.0679174277351266e-8
0.02884031503126697	5.146251474279495e-8
0.029174270140012584	5.226232208960643e-8
0.02951209226666479	5.307907690648132e-8
0.02985382618918055	5.391327739069069e-8
0.030199517204021132	5.4765440091895864e-8
0.030549211132156123	5.5636100691046266e-8
0.0309029543251369	5.652581481619043e-8
0.031260793671240565	5.743515889713787e-8
0.031622776601684825	5.836473106101852e-8
0.03198895109691503	5.9315152070907677e-8
0.0323593656929639	6.028706630980829e-8
0.0327340694878849	6.128114281241812e-8
0.03311311214826021	6.22980763472514e-8
0.03349654391578389	6.333858855183554e-8
0.0338844156139214	6.440342912386722e-8
0.034276778654646206	6.54933770713813e-8
0.03467368504525434	6.66092420251717e-8
0.035075187395257994	6.77518656168966e-8
0.035481338923358766	6.892212292650849e-8
0.035892193464501766	7.012092400287257e-8
0.0363078054770114	7.134921546167041e-8
0.03672823004980974	7.260798216494018e-8
0.03715352290971855	7.389824898687162e-8
0.03758374042884574	7.522108267076052e-8
0.03801893963205747	7.657759378233523e-8
0.03845917820453673	7.796893876499123e-8
0.038904514499429436	7.939632210282143e-8
0.039355007545579156	8.086099859770101e-8
0.03981071705535116	8.23642757670821e-8
0.04027170343254737	8.390751636958445e-8
0.04073802778041276	8.549214106591632e-8
0.04120975190973451	8.711963122315272e-8
0.04168693834703507	8.879153187091504e-8
0.04216965034285978	9.050945481855498e-8
0.042657951880160846	9.227508194304392e-8
0.043151907682778136	9.40901686579045e-8
0.043651583224018214	9.595654757421004e-8
0.0441570447353329	9.787613236540936e-8
0.04466835921509799	9.985092184852021e-8
0.045185594437493946	1.0188300429508194e-7
0.04570881896148925	1.0397456198616012e-7
0.04623810213992778	1.0612787602666806e-7
0.046773514128721605	1.0834533143531472e-7
0.04731512589614987	1.1062942252760605e-7
0.04786300923226569	1.1298275861053163e-7
0.04841723675841182	1.1540807000886183e-7
0.04897788193684652	1.1790821444436798e-7
0.04954501908048095	1.2048618379077663e-7
0.0501187233627292	1.231451112288734e-7
0.050699070827472444	1.2588827882790511e-7
0.05128613839913853	1.28719125581291e-7
0.051880003892898166	1.3164125592665855e-7
0.05248074602497935	1.346584487823856e-7
0.05308844442310096	1.377746671351532e-7
0.05370317963702744	1.4099406821553315e-7
0.05432503314924553	1.443210143013377e-7
0.054954087385764676	1.477600841913834e-7
0.05559042572704262	1.513160853954797e-7
0.05623413251903721	1.549940670898525e-7
0.05688529308438649	1.5879933389090368e-7
0.057543993733718074	1.6273746050417409e-7
0.05821032177708954	1.6681430730968644e-7
0.05888436553556134	1.710360369494906e-7
0.05956621435290353	1.7540913198826376e-7
0.060255958607438306	1.7994041372327106e-7
0.06095368972401949	1.8463706222588193e-7
0.06165950018615081	1.8950663770323334e-7
0.06237348354824456	1.945571032755496e-7
0.06309573444802201	1.9979684927213923e-7
0.0638263486190576	2.052347191572308e-7
0.06456542290346834	2.1088003720564522e-7
0.06531305526475004	2.1674263805789696e-7
0.06606934480076244	2.2283289829473112e-7
0.06683439175686436	2.291617701824246e-7
0.06760829753920113	2.3574081775248765e-7
0.06839116472814594	2.4258225539277947e-7
0.06918309709189667	2.4969898914161555e-7
0.06998419960023042	2.5710466089228903e-7
0.07079457843841692	2.648136957326914e-7
0.07161434102129338	2.728413526635161e-7
0.07244359600750225	2.8120377895903436e-7
0.07328245331389367	2.899180684567702e-7
0.07413102413009506	2.9900232408680455e-7
0.07498942093324895	3.0847572497804207e-7
0.07585775750292181	3.18358598507853e-7
0.07673614893618538	3.2867249769327116e-7
0.07762471166287269	3.394402843566329e-7
0.07852356346101075	3.5068621853653557e-7
0.07943282347243179	3.62436054656534e-7
0.08035261221856543	3.7471714500949035e-7
0.08128305161641369	3.8755855116532113e-7
0.0822242649947109	4.0099116396449257e-7
0.08317637711027095	4.1504783281948217e-7
