3.9810717055349735e-4	3.821959673972219e-11
4.168693834703355e-4	4.002096302047525e-11
4.3651583224016654e-4	4.190724466170791e-11
4.570881896148761e-4	4.3882446502464845e-11
4.786300923226395e-4	4.595076255391322e-11
5.01187233627274e-4	4.811658497844388e-11
5.248074602497745e-4	5.0384513501380864e-11
5.49540873857627e-4	5.275936527708834e-11
5.754399373371602e-4	5.5246185232494373e-11
6.025595860743611e-4	5.785025691237657e-11
6.309573444801969e-4	6.057711385217422e-11
6.606934480075998e-4	6.343255150561764e-11
6.918309709189405e-4	6.64226397561174e-11
7.244359600749935e-4	6.955373604262783e-11
7.585775750291874e-4	7.283249913262564e-11
7.943282347242854e-4	7.626590357692909e-11
8.317637711026751e-4	7.986125488334262e-11
8.70963589956085e-4	8.362620544857944e-11
9.120108393559134e-4	8.75687712905981e-11
9.549925860214398e-4	9.169734962642277e-11
0.0010000000000000041	9.602073734373471e-11
0.001047128548050904	1.0054815041804843e-10
0.0010964781961431895	1.0528924433116557e-10
0.0011481536214968864	1.102541355508773e-10
0.0012022644346174167	1.1545342413661122e-10
0.0012589254117941714	1.208982175409411e-10
0.0013182567385564114	1.2660015568268744e-10
0.0013803842646028894	1.3257143737377002e-10
0.001445439770745931	1.3882484818915865e-10
0.0015135612484362118	1.4537378987727208e-10
0.0015848931924611173	1.5223231141712286e-10
0.0016595869074375648	1.5941514183853262e-10
0.00173780082874938	1.669377249329782e-10
0.0018197008586099863	1.7481625599526277e-10
0.0019054607179632501	1.8306772075042063e-10
0.001995262314968883	1.917099366362826e-10
0.002089296130854043	2.0076159663021687e-10
0.0021877616239495564	2.1024231582899603e-10
0.0022908676527677745	2.201726810138836e-10
0.0023988329190194925	2.305743034592464e-10
0.002511886431509582	2.414698752727526e-10
0.0026302679918953843	2.528832295890163e-10
0.002754228703338169	2.64839404976971e-10
0.002884031503126606	2.773647144650237e-10
0.003019951720402016	2.904868196378898e-10
0.0031622776601683794	3.04234810315889e-10
0.003311311214825911	3.186392903924236e-10
0.0034673685045253167	3.337324704795623e-10
0.00363078054770101	3.495482680965303e-10
0.003801893963205609	3.661224162330768e-10
0.003981071705534969	3.834925812309955e-10
0.004168693834703351	4.0169849105472964e-10
0.004365158322401657	4.2078207516846666e-10
0.004570881896148743	4.407876174053558e-10
0.004786300923226376	4.617619234078701e-10
0.005011872336272715	4.837545044407754e-10
0.005248074602497718	5.068177796343161e-10
0.005495408738576237	5.31007299010373e-10
0.0057543993733715545	5.563819899847605e-10
0.006025595860743562	5.83004430431842e-10
0.006309573444801917	6.10941151851723e-10
0.006606934480075944	6.402629767055517e-10
0.006918309709189349	6.710453945926062e-10
0.007244359600749877	7.033689826477867e-10
0.0075857757502918125	7.373198763561655e-10
0.00794328234724279	7.729902979316701e-10
0.008317637711026683	8.104791505126444e-10
0.008709635899560779	8.4989268771499e-10
0.009120108393559059	8.913452695860671e-10
0.00954992586021432	9.349602177579197e-10
0.009999999999999959	9.80870784652408e-10
0.010471285480508952	1.0292212539985562e-9
0.0109647819614318	1.080168192749507e-9
0.011481536214968776	1.1338818778124674e-9
0.01202264434617407	1.190547924925486e-9
0.01258925411794161	1.2503691516459075e-9
0.013182567385564007	1.3135677118974342e-9
0.013803842646028774	1.3803875460273926e-9
0.014454397707459198	1.451097198062147e-9
0.015135612484361995	1.5259930610730253e-9
0.015848931924611044	1.6054031225925444e-9
0.016595869074375512	1.6896912952393187e-9
0.017378008287493647	1.7792624335999982e-9
0.01819700858609972	1.8745681575733984e-9
0.019054607179632345	1.9761136255470952e-9
0.019952623149688667	2.0844654288760465e-9
0.020892961308540257	2.2002608133264606e-9
0.021877616239495374	2.3242184748952822e-9
0.02290867652767757	2.457151228557205e-9
0.023988329190194727	2.59998091135871e-9
0.025118864315095617	2.753755958835625e-9
0.026302679918953627	2.9196721897574766e-9
0.02754228703338145	3.099097453539838e-9
0.028840315031265835	3.293600943538704e-9
0.030199517204019914	3.5049881658811416e-9
0.031622776601683535	3.735342787904973e-9
0.03311311214825884	3.987076886223855e-9
0.03467368504525287	4.262991489610726e-9
0.036307805477009826	4.566349789546607e-9
0.03801893963205578	4.900966002069113e-9
0.039810717055349366	5.2713136490928744e-9
0.041686938347033166	5.682658039738133e-9
0.04365158322401619	6.1412190447489554e-9
0.045708818961487076	6.654371967113689e-9
0.04786300923226336	7.230896551073379e-9
0.050118723362726735	7.881287118647159e-9
0.052480746024976745	8.61814072207183e-9
0.05495408738576189	9.456645388247553e-9
0.057543993733715104	1.041519747226599e-8
0.06025595860743513	1.1516186478287998e-8
0.06309573444801865	1.2786998353415332e-8
0.0660693448007589	1.4261305490860934e-8
0.06918309709189288	1.598073530506118e-8
0.07244359600749821	1.7997041853375535e-8
0.07585775750291751	2.0374950304499417e-8
0.07943282347242724	2.3195907498014343e-8
0.08317637711026615	2.6563061300442226e-8
0.08709635899560703	3.060791857174548e-8
0.0912010839355899	3.549931358124197e-8
0.09549925860214242	4.1455581509512764e-8
0.09999999999999877	4.876121429497212e-8
0.10471285480508864	5.7789838045305785e-8
0.1096478196143171	6.903618408314141e-8
0.11481536214968682	8.316097161639963e-8
0.12022644346173975	1.010545020543326e-7
0.12589254117941506	1.2392763662293161e-7
0.13182567385563895	1.5344325643046795e-7
0.1380384264602866	1.9190820467728521e-7
0.1445439770745908	2.4255658697529277e-7
0.15135612484361874	3.0997264908300885e-7
0.15848931924610915	4.007294433782585e-7
0.16595869074375377	5.243652448571499e-7
0.17378008287493515	6.948954303754723e-7
0.18197008586099583	9.33184678698893e-7
0.1905460717963221	1.270720772857129e-6
0.19952623149688523	1.7557051140676787e-6
0.2089296130854011	2.463030670349794e-6
0.2187761623949523	3.5108862393884195e-6
0.22908676527677418	5.088841872860395e-6
0.2398832919019458	7.506169409883741e-6
0.2511886431509546	1.127646638129895e-5
0.26302679918953464	1.7268629959148897e-5
0.27542287033381296	2.6981464305452956e-5
0.28840315031265673	4.3053356863890424e-5
0.3019951720401976	7.022841397065401e-5
0.3162277660168337	1.1722865805975852e-4
