1.5848931924611142e-4	8.568522236152208e-8
2.23872113856834e-4	1.124943113607702e-7
3.1622776601683794e-4	1.761284743145176e-7
4.4668359215096305e-4	2.5412846252879276e-7
6.30957344480193e-4	2.48795732760501e-7
8.912509381337459e-4	4.95116582617341e-7
0.0012589254117941675	7.007913647029675e-7
0.0017782794100389228	8.267759054453581e-7
0.0025118864315095794	1.203862445156843e-6
0.0035481338923357532	1.7782662968522582e-6
0.005011872336272725	3.3383939447597095e-6
0.00707945784384138	2.8838673767703145e-6
0.01	4.230319405932026e-6
0.01412537544622754	5.292638746216475e-6
0.0199526231496888	1.2408477878410419e-5
0.028183829312644536	2.041526490317072e-5
0.039810717055349734	0.003992738991867174
0.05623413251903491	0.015188175129212373
0.07943282347242814	0.034595784761917756
0.11220184543019636	0.0457877255319625
0.15848931924611134	0.05030885402967931
0.22387211385683395	0.04284928080287326
0.31622776601683794	0.03691946013940084
