1.5848931924611142e-4	2.3773526873849873e-12
1.6595869074375615e-4	2.4893951708401082e-12
1.7378008287493782e-4	2.6067182469190538e-12
1.8197008586099862e-4	2.7295708108874555e-12
1.9054607179632522e-4	2.8582134923210624e-12
1.995262314968887e-4	2.9929192087545243e-12
2.0892961308540471e-4	3.1339737455158474e-12
2.187761623949563e-4	3.2816763629945382e-12
2.290867652767784e-4	3.436340432651829e-12
2.3988329190195045e-4	3.598294103146206e-12
2.5118864315095974e-4	3.767880998013773e-12
2.6302679918954004e-4	3.945460946415237e-12
2.7542287033381884e-4	4.13141074853467e-12
2.8840315031266293e-4	4.3261249772954304e-12
3.019951720402044e-4	4.53001681814044e-12
3.162277660168412e-4	4.743518948712742e-12
3.311311214825945e-4	4.9670844603645e-12
3.467368504525356e-4	5.201187823520528e-12
3.6307805477010547e-4	5.44632589902622e-12
3.801893963205659e-4	5.703018997719332e-12
3.981071705535026e-4	5.971811990581687e-12
4.1686938347034103e-4	6.2532754719493304e-12
4.3651583224017234e-4	6.548006978391954e-12
4.570881896148817e-4	6.8566322660102275e-12
4.7863009232264586e-4	7.179806649049034e-12
5.011872336272807e-4	7.51821640288195e-12
5.248074602497814e-4	7.872580234590852e-12
5.495408738576344e-4	8.243650824545146e-12
5.754399373371673e-4	8.632216442577342e-12
6.025595860743692e-4	9.039102642558959e-12
6.309573444802052e-4	9.465174039402343e-12
6.606934480076086e-4	9.911336172752876e-12
6.91830970918949e-4	1.0378537461893492e-11
7.244359600750032e-4	1.0867771256660744e-11
7.585775750291975e-4	1.1380077989472925e-11
7.94328234724296e-4	1.191654743389534e-11
8.317637711026862e-4	1.2478321075522453e-11
8.709635899560957e-4	1.3066594601340708e-11
9.120108393559256e-4	1.3682620514156127e-11
9.549925860214525e-4	1.4327710879128728e-11
0.0010000000000000174	1.5003240209958747e-11
0.0010471285480509178	1.571064850282026e-11
0.0010964781961432031	1.645144442674482e-11
0.0011481536214969017	1.7227208679824802e-11
0.0012022644346174327	1.8039597521345725e-11
0.001258925411794188	1.8890346490772295e-11
0.001318256738556429	1.978127432542019e-11
0.0013803842646029063	2.071428708965182e-11
0.00144543977074595	2.1691382529556315e-11
0.001513561248436232	2.2714654668324036e-11
0.0015848931924611384	2.3786298658925757e-11
0.0016595869074375869	2.4908615912271057e-11
0.0017378008287494012	2.608401952077815e-11
0.0018197008586100104	2.7315039999260153e-11
0.0019054607179632755	2.8604331367253596e-11
0.0019952623149689093	2.995467759941954e-11
0.0020892961308540707	3.136899947347178e-11
0.0021877616239495833	3.2850361848281024e-11
0.0022908676527678053	3.440198140841975e-11
0.002398832919019524	3.6027234915507705e-11
0.0025118864315096154	3.77296680113681e-11
0.002630267991895419	3.95130046232843e-11
0.002754228703338203	4.1381157027652234e-11
0.002884031503126644	4.333823663516054e-11
0.003019951720402056	4.538856556842087e-11
0.0031622776601684215	4.7536689111858283e-11
0.003311311214825955	4.978738912381686e-11
0.003467368504525359	5.2145698512432225e-11
0.0036307805477010582	5.461691689008357e-11
0.003801893963205659	5.7206627536419015e-11
0.003981071705535022	5.992071581734382e-11
0.0041686938347034064	6.276538922730233e-11
0.00436515832240171	6.574719924507375e-11
0.004570881896148803	6.887306521958776e-11
0.004786300923226439	7.215030053248066e-11
0.005011872336272781	7.55866413188721e-11
0.005248074602497787	7.919027806786299e-11
0.0054954087385763045	8.29698904703718e-11
0.005754399373371631	8.693468593511999e-11
0.006025595860743643	9.109444225497652e-11
0.0063095734448020005	9.5459554976833e-11
0.006606934480076032	1.0004109011024383e-10
0.006918309709189433	1.0485084290509604e-10
0.007244359600749973	1.0990140353871814e-10
0.007585775750291913	1.1520623068065238e-10
0.007943282347242895	1.2077973405182512e-10
0.008317637711026794	1.266373672676025e-10
0.008709635899560886	1.3279573245546887e-10
0.00912010839355918	1.3927269837282493e-10
0.009549925860214447	1.4608753402467694e-10
0.010000000000000092	1.5326106010194087e-10
0.010471285480509086	1.6081582093727653e-10
0.010964781961431946	1.6877628011711286e-10
0.011481536214968923	1.7716904340820047e-10
0.012022644346174229	1.860231132696098e-10
0.012589254117941777	1.9537017994467572e-10
0.013182567385564175	2.0524495498397695e-10
0.013803842646028958	2.156855540667832e-10
0.014454397707459384	2.2673393719721365e-10
0.015135612484362196	2.3843641579266367e-10
0.015848931924611256	2.508442379050886e-10
0.016595869074375724	2.640142648811472e-10
0.01737800828749388	2.7800975525000376e-10
0.018197008586099957	2.929012746208477e-10
0.019054607179632598	3.0876775399173837e-10
0.01995262314968893	3.2569772326188733e-10
0.020892961308540525	3.437907520822646e-10
0.021877616239495665	3.631591367023936e-10
0.022908676527677866	3.8392987946206917e-10
0.023988329190195046	4.062470173998049e-10
0.02511886431509595	4.3027436856807367e-10
0.026302679918953964	4.561987796496132e-10
0.027542287033381817	4.842339771156083e-10
0.028840315031266203	5.146251474279311e-10
0.030199517204020317	5.476544009189386e-10
0.03162277660168396	5.836473106101627e-10
0.033113112148259266	6.229807634724885e-10
0.034673685045253325	6.660924202516889e-10
0.036307805477010284	7.134921546166707e-10
0.038018939632056284	7.657759378233148e-10
0.039810717055349894	8.236427576707791e-10
0.0416869383470337	8.879153187091019e-10
0.043651583224016764	9.595654757420458e-10
0.04570881896148766	1.0397456198615376e-9
0.047863009232264	1.1298275861052429e-9
0.0501187233627274	1.2314511122886492e-9
0.05248074602497742	1.346584487823757e-9
0.05495408738576262	1.4776008419137202e-9
0.05754399373371584	1.627374605041605e-9
0.06025595860743593	1.7994041372325527e-9
0.0630957344480195	1.9979684927212075e-9
0.06606934480075974	2.2283289829470897e-9
0.0691830970918938	2.496989891415892e-9
0.07244359600749914	2.812037789590024e-9
0.07585775750291851	3.18358598507815e-9
0.07943282347242829	3.624360546564882e-9
0.08317637711026721	4.150478328194255e-9
0.08709635899560819	4.782487276835433e-9
0.09120108393559107	5.54676774706929e-9
0.09549925860214369	6.4774346108616626e-9
0.10000000000000007	7.618939733589748e-9
0.10471285480509002	9.029662194579471e-9
0.10964781961431856	1.0786903762991408e-8
0.11481536214968832	1.2993901815063141e-8
0.12022644346174131	1.5789765945990363e-8
0.12589254117941673	1.9363693222334216e-8
0.13182567385564067	2.3975508817262103e-8
0.13803842646028847	2.9985656980827814e-8
0.14454397707459268	3.78994667148921e-8
0.1513561248436207	4.843322641922358e-8
0.1584893192461112	6.261397552785754e-8
0.16595869074375594	8.1932069508936e-8
0.1737800828749374	1.0857741099617631e-7
0.18197008586099822	1.4581010604671447e-7
0.19054607179632457	1.9855012075894364e-7
0.19952623149688783	2.7432892407310033e-7
0.2089296130854038	3.848485422421924e-7
0.21877616239495512	5.485759749044956e-7
0.22908676527677718	7.951315426345239e-7
0.23988329190194893	1.1728389702944678e-6
0.2511886431509579	1.7619478720781668e-6
0.2630267991895381	2.698223431117345e-6
0.2754228703338165	4.215853797727555e-6
0.2884031503126605	6.727087009983798e-6
0.30199517204020154	1.097318968291625e-5
0.31622776601683783	1.8316977821839997e-5
