0.0031622776601683794	4.9602926118404685e-9
0.0031988951096913972	5.020665355358302e-9
0.003235936569296284	5.08180580652366e-9
0.003273406948788383	5.143724578606148e-9
0.0033113112148259144	5.206432452607183e-9
0.0033496543915782794	5.2699403804256876e-9
0.0033884415613920273	5.334259488096034e-9
0.0034276778654645083	5.399401079100048e-9
0.00346736850452532	5.465376637755232e-9
0.0035075187395256866	5.532197832681069e-9
0.0035481338923357606	5.599876520345821e-9
0.0035892193464500573	5.668424748695703e-9
0.0036307805477010214	5.737854760869114e-9
0.003672823004980854	5.808178998997645e-9
0.0037153522909717353	5.879410108097092e-9
0.003758374042884451	5.951560940050247e-9
0.0038018939632056205	6.0246445576843766e-9
0.003845917820453547	6.0986742389462375e-9
0.0038904514499428166	6.173663481176669e-9
0.003935500754557788	6.249626005488643e-9
0.0039810717055349856	6.326575761250549e-9
0.004027170343254603	6.404526930678687e-9
0.004073802778041142	6.4834939335416555e-9
0.004120975190973317	6.5634914319796e-9
0.004168693834703372	6.644534335442269e-9
0.004216965034285839	6.726637805748972e-9
0.004265795188015943	6.8098172622736736e-9
0.004315190768277672	6.894088387259627e-9
0.004365158322401679	6.979467131266707e-9
0.004415704473533148	7.0659697187556285e-9
0.004466835921509653	7.153612653813156e-9
0.004518559443749245	7.242412726022247e-9
0.004570881896148776	7.3323870164817516e-9
0.004623810213992627	7.423552903979903e-9
0.00467735141287201	7.515928071326505e-9
0.004731512589614832	7.609530511848238e-9
0.00478630092322641	7.704378536052423e-9
0.004841723675841024	7.80049077846411e-9
0.004897788193684491	7.897886204641918e-9
0.0049545019080479355	7.996584118378145e-9
0.005011872336272756	8.096604169088771e-9
0.005069907082747076	8.197966359399157e-9
0.005128613839913685	8.30069105293195e-9
0.005188000389289646	8.404798982302752e-9
0.005248074602497766	8.510311257331084e-9
0.005308844442309922	8.617249373472517e-9
0.005370317963702565	8.725635220479519e-9
0.005432503314924375	8.835491091298127e-9
0.005495408738576287	8.946839691208075e-9
0.005559042572704082	9.05970414721398e-9
0.005623413251903537	9.174108017696065e-9
0.00568852930843846	9.290075302328434e-9
0.0057543993733716195	9.407630452273821e-9
0.005821032177708764	9.526798380663882e-9
0.0058884365535559445	9.647604473374245e-9
0.005956621435290159	9.770074600104206e-9
0.00602559586074363	9.894235125771159e-9
0.00609536897240175	1.0020112922230051e-8
0.006165950018614879	1.0147735380328935e-8
0.006237348354824255	1.0277130422311882e-8
0.0063095734448019945	1.0408326514580863e-8
0.006382634861905548	1.0541352680829012e-8
0.006456542290346622	1.0676238515557586e-8
0.006531305526474789	1.0813014197989907e-8
0.006606934480076032	1.0951710506396301e-8
0.0066834391756862175	1.1092358832843452e-8
0.006760829753919888	1.1234991198383667e-8
0.006839116472814369	1.137964026869892e-8
0.006918309709189441	1.152633937021583e-8
0.006998419960022817	1.1675122506708142e-8
0.00707945784384146	1.1826024376403585e-8
0.007161434102129101	1.1979080389613967e-8
0.007244359600749988	1.213432668690591e-8
0.007328245331389127	1.2291800157832694e-8
0.007413102413009268	1.2451538460247114e-8
0.007498942093324651	1.2613580040215852e-8
0.007585775750291929	1.2777964152558373e-8
0.0076736148936182875	1.2944730882032161e-8
0.0077624711662870145	1.3113921165188655e-8
0.007852356346100823	1.328557681292443e-8
0.00794328234724292	1.3459740533753491e-8
0.008035261221856277	1.3636455957827835e-8
0.008128305161641104	1.3815767661733708e-8
0.008222426499470822	1.3997721194093758e-8
0.008317637711026827	1.418236310200461e-8
0.008413951416452068	1.4369740958342388e-8
0.00851138038202388	1.4559903389969201e-8
0.00860993752184613	1.4752900106875179e-8
0.00870963589956093	1.4948781932292236e-8
0.008810488730080272	1.5147600833817313e-8
0.008912509381337587	1.5349409955585168e-8
0.0090157113760597	1.5554263651530337e-8
0.009120108393559237	1.5762217519783425e-8
0.00922571427154777	1.5973328438244867e-8
0.009332543007970057	1.618765460138429e-8
0.009440608762859381	1.640525555831416e-8
0.009549925860214506	1.6626192252189083e-8
0.009660508789898289	1.6850527060984712e-8
0.009772372209558261	1.7078323839712498e-8
0.009885530946569552	1.730964796412872e-8
0.010000000000000163	1.754456637599991e-8
0.010115794542599154	1.7783147629988922e-8
0.010232929922807714	1.8025461942228607e-8
0.010351421666793611	1.827158124065515e-8
0.010471285480509173	1.8521579217173477e-8
0.01059253725177307	1.877553138173353e-8
0.01071519305237625	1.903351511839862e-8
0.010839269140212228	1.9295609743490198e-8
0.010964781961432041	1.9561896565900085e-8
0.011091748152624207	1.9832458949662634e-8
0.011220184543019837	2.0107382378885648e-8
0.011350108156723358	2.0386754525144142e-8
0.01148153621496904	2.06706653174441e-8
0.01161448613840364	2.095920701487122e-8
0.011748975549395514	2.1252474282043915e-8
0.011885022274370409	2.1550564267496173e-8
0.012022644346174359	2.1853576685122588e-8
0.012161860006463915	2.2161613898824243e-8
0.01230268770812405	2.2474781010501998e-8
0.012445146117714093	2.279318595155015e-8
0.01258925411794192	2.31169395780124e-8
0.01273503081016687	2.3446155769570702e-8
0.012882495516931599	2.37809515325454e-8
0.013031667784523254	2.412144710709561e-8
0.013182567385564337	2.4467766078818807e-8
0.013335214321633513	2.482003549495838e-8
0.013489628825916816	2.517838598544108e-8
0.013645831365889531	2.554295188897533e-8
0.013803842646029135	2.5913871384457728e-8
0.01396368361055967	2.6291286627945727e-8
0.014125375446227844	2.6675343895469708e-8
0.014288939585111337	2.7066193731974438e-8
0.01445439770745959	2.746399110669282e-8
0.014621771744567497	2.786889557527605e-8
0.014791083881682397	2.8281071449018773e-8
0.014962356560944665	2.870068797154123e-8
0.01513561248436242	2.912791950330641e-8
0.015310874616820647	2.956294571437793e-8
0.01548816618912516	3.000595178584221e-8
0.015667510701081844	3.045712862034827e-8
0.0158489319246115	3.091667306224229e-8
0.016032453906900786	3.138478812780305e-8
0.01621810097358968	3.1861683246116414e-8
0.016405897731995772	3.23475745111566e-8
0.016595869074375994	3.2842684945679903e-8
0.016788040181226	3.3347244777569396e-8
0.01698243652461785	3.386149172931387e-8
0.0171790838715763	3.43856713213415e-8
0.01737800828749417	3.492003718997629e-8
0.017579236139587354	3.546485142083432e-8
0.017782794100389663	3.602038489852743e-8
0.017988709151288324	3.6586917673596247e-8
0.01819700858610029	3.716473934765757e-8
0.018407720014690016	3.775414947781005e-8
0.01862087136662914	3.835545800141497e-8
0.018836490894898483	3.896898568243769e-8
0.01905460717963296	3.959506458061843e-8
0.01927524913190986	4.023403854482244e-8
0.019498445997580955	4.088626373201064e-8
0.01972422736114905	4.155210915337305e-8
0.01995262314968932	4.223195724926572e-8
0.020183663636816142	4.2926204494712394e-8
0.02041737944669584	4.363526203734906e-8
0.02065380155810584	4.435955636982202e-8
0.020892961308540955	4.5099530038792973e-8
0.021134890398367037	4.585564239285588e-8
0.021379620895022905	4.662837037183569e-8
0.021627185237270797	4.7418209340118846e-8
0.021877616239496123	4.822567396685348e-8
0.022130947096056987	4.9051299156072894e-8
0.02238721138568402	4.989564103001253e-8
0.022646443075931232	5.07592779691423e-8
0.02290867652767838	5.1642811712696954e-8
0.023173946499685436	5.254686852377205e-8
0.023442288153199885	5.347210042337059e-8
0.02371373705661723	5.441918649811466e-8
0.023988329190195598	5.538883428671203e-8
0.024266100950824862	5.6381781250658564e-8
0.024547089156851012	5.739879633509963e-8
0.02483133105295643	5.844068162623791e-8
0.02511886431509654	5.950827411219529e-8
0.025409727055493804	6.060244755480069e-8
0.02570395782768941	6.17241144803772e-8
0.026001595631653492	6.287422829828563e-8
0.02630267991895461	6.405378555670105e-8
0.0266072505979889	6.526382834590533e-8
0.02691534803926998	6.65054468602517e-8
0.027227013080779964	6.777978213091871e-8
0.027542287033382507	6.90880289426183e-8
0.027861211686298563	7.043143894858488e-8
0.028183829312645414	7.181132399943067e-8
0.028510182675039988	7.322905970285626e-8
0.02884031503126697	7.468608923273097e-8
0.029174270140012584	7.618392740775253e-8
0.02951209226666479	7.772416506175675e-8
0.02985382618918055	7.93084737298e-8
0.030199517204021132	8.093861067641532e-8
0.030549211132156123	8.261642429494336e-8
0.0309029543251369	8.434385990962583e-8
0.031260793671240565	8.612296601522431e-8
0.031622776601684825	8.795590099234127e-8
0.03198895109691503	8.984494034041365e-8
0.0323593656929639	9.179248447456118e-8
0.0327340694878849	9.380106713716579e-8
0.03311311214826021	9.587336448027919e-8
0.03349654391578389	9.801220488078803e-8
0.0338844156139214	1.0022057955677636e-7
0.034276778654646206	1.0250165406080229e-7
0.03467368504525434	1.0485878073395702e-7
0.035075187395257994	1.0729551221371091e-7
0.035481338923358766	1.0981561609881291e-7
0.035892193464501766	1.1242309088602667e-7
0.0363078054770114	1.1512218330647996e-7
0.03672823004980974	1.1791740720402274e-7
0.03715352290971855	1.2081356411450394e-7
0.03758374042884574	1.238157657235534e-7
0.03801893963205747	1.2692945840158746e-7
0.03845917820453673	1.301604500387402e-7
0.038904514499429436	1.3351493942964315e-7
0.039355007545579156	1.3699954848896716e-7
0.03981071705535116	1.4062135761394634e-7
0.04027170343254737	1.443879445504221e-7
0.04073802778041276	1.4830742716503616e-7
0.04120975190973451	1.5238851057905073e-7
0.04168693834703507	1.5664053917988357e-7
0.04216965034285978	1.61073554096231e-7
0.042657951880160846	1.6569835680299758e-7
0.043151907682778136	1.705265796150988e-7
0.043651583224018214	1.7557076393661713e-7
0.0441570447353329	1.8084444725637316e-7
0.04466835921509799	1.8636226002578795e-7
0.045185594437493946	1.921400337236218e-7
0.04570881896148925	1.9819492160918267e-7
0.04623810213992778	2.0454553389626222e-7
0.046773514128721605	2.1121208935071805e-7
0.04731512589614987	2.1821658563317272e-7
0.04786300923226569	2.2558299108407785e-7
0.04841723675841182	2.3333746109308558e-7
0.04897788193684652	2.41508582722235e-7
0.04954501908048095	2.5012765188045356e-7
0.0501187233627292	2.5922898809645255e-7
0.050699070827472444	2.688502928349565e-7
0.05128613839913853	2.790330583799942e-7
0.051880003892898166	2.8982303560983443e-7
0.05248074602497935	3.0127077056227475e-7
0.05308844442310096	3.1343222160096853e-7
0.05370317963702744	3.263694713247532e-7
0.05432503314924553	3.4015155021599213e-7
0.054954087385764676	3.548553925325919e-7
0.05559042572704262	3.705669492807482e-7
0.05623413251903721	3.873824884792576e-7
0.05688529308438649	4.054101196237854e-7
0.057543993733718074	4.2477158764825993e-7
0.05821032177708954	4.4560439224275235e-7
0.05888436553556134	4.680643017584115e-7
0.05956621435290353	4.923283479546317e-7
0.060255958607438306	5.185984096502616e-7
0.06095368972401949	5.47105521449538e-7
0.06165950018615081	5.781150801876548e-7
0.06237348354824456	6.119331694025061e-7
0.06309573444802201	6.489142848820109e-7
0.0638263486190576	6.894708275810885e-7
0.06456542290346834	7.340848415653169e-7
0.06531305526475004	7.833226249323336e-7
0.06606934480076244	8.378530463975247e-7
0.06683439175686436	8.984706819135134e-7
0.06760829753920113	9.661252773729055e-7
0.06839116472814594	1.0419595942833843e-6
0.06918309709189667	1.1273584794481213e-6
0.06998419960023042	1.2240131306175237e-6
0.07079457843841692	1.3340061842808438e-6
0.07161434102129338	1.4599257084261527e-6
0.07244359600750225	1.6050198921511505e-6
0.07328245331389367	1.77340992531891e-6
0.07413102413009506	1.9703874986291735e-6
0.07498942093324895	2.2028376686646144e-6
0.07585775750292181	2.479851308774086e-6
0.07673614893618538	2.81363089444395e-6
0.07762471166287269	3.220861903826784e-6
0.07852356346101075	3.7248449019758934e-6
0.07943282347243179	4.358911701748093e-6
0.08035261221856543	5.172091940292725e-6
0.08128305161641369	6.238898706400698e-6
0.0822242649947109	7.677047507725884e-6
0.08317637711027095	9.681410509208118e-6
