0.0031622776601683794	4.42730105654438e-11
0.003758374042884443	3.8937836863253586e-11
0.0044668359215096305	5.537393580674595e-11
0.005308844442309885	8.469477664337299e-11
0.00630957344480193	8.678115066346592e-11
0.007498942093324558	1.0557305204798039e-10
0.008912509381337459	1.0764720752746298e-10
0.010592537251772886	1.5212783594926399e-10
0.012589254117941675	1.3448536228683691e-10
0.014962356560944336	2.6643582798018955e-10
0.01778279410038923	3.614849189052253e-10
0.021134890398366465	4.80570071503446e-10
0.025118864315095794	4.2277890609943397e-10
0.029853826189179603	6.628512671927371e-10
0.03548133892335755	1.0073918327152709e-9
0.042169650342858224	1.3630133560003744e-9
0.05011872336272722	2.310079287445589e-9
0.059566214352901034	3.4879509059369185e-9
0.0707945784384138	4.394742070247671e-5
