0.0031622776601683794	3.3576922615053715e-13
0.003758374042884443	5.498043046810772e-13
0.0044668359215096305	5.55236346450358e-13
0.005308844442309885	5.909685128246386e-13
0.00630957344480193	8.184877157343587e-13
0.007498942093324558	7.934700821580307e-13
0.008912509381337459	1.095552895576772e-12
0.010592537251772886	1.4798088366713046e-12
0.012589254117941675	1.8603727510741716e-12
0.014962356560944336	2.7532924356886026e-12
0.01778279410038923	2.761377155118273e-12
0.021134890398366465	3.3778286015968325e-12
0.025118864315095794	4.052966026390534e-12
0.029853826189179603	7.971157538777806e-12
0.03548133892335755	7.703393830643824e-12
0.042169650342858224	1.2025122607987243e-11
0.05011872336272722	2.403837009431445e-11
0.059566214352901034	3.769543303724018e-11
0.0707945784384138	0.004654202359588765
