1.5848931924611142e-4	7.044007962622184e-10
1.6595869074375615e-4	7.375985691378099e-10
1.7378008287493782e-4	7.723609620500901e-10
1.8197008586099862e-4	8.087617217444313e-10
1.9054607179632522e-4	8.468780717988333e-10
1.995262314968887e-4	8.867908766680071e-10
2.0892961308540471e-4	9.28584813486177e-10
2.187761623949563e-4	9.723485519983817e-10
2.290867652767784e-4	1.0181749430079493e-9
2.3988329190195045e-4	1.066161215747024e-9
2.5118864315095974e-4	1.1164091845966734e-9
2.6302679918954004e-4	1.1690254656045146e-9
2.7542287033381884e-4	1.224121703269532e-9
2.8840315031266293e-4	1.2818148080875351e-9
3.019951720402044e-4	1.3422272053749453e-9
3.162277660168412e-4	1.4054870959148864e-9
3.311311214825945e-4	1.4717287289968888e-9
3.467368504525356e-4	1.5410926884505268e-9
3.6307805477010547e-4	1.613726192304065e-9
3.801893963205659e-4	1.689783406731654e-9
3.981071705535026e-4	1.769425774987167e-9
4.1686938347034103e-4	1.852822362059061e-9
4.3651583224017234e-4	1.940150215819838e-9
4.570881896148817e-4	2.031594745484512e-9
4.7863009232264586e-4	2.127350118236751e-9
5.011872336272807e-4	2.2276196749279858e-9
5.248074602497814e-4	2.3326163658046974e-9
5.495408738576344e-4	2.4425632072726357e-9
5.754399373371673e-4	2.5576937607636563e-9
6.025595860743692e-4	2.678252634832284e-9
6.309573444802052e-4	2.8044960116747684e-9
6.606934480076086e-4	2.9366921993341858e-9
6.91830970918949e-4	3.075122210931405e-9
7.244359600750032e-4	3.220080372343924e-9
7.585775750291975e-4	3.37187495984383e-9
7.94328234724296e-4	3.5308288693023232e-9
8.317637711026862e-4	3.69728031867332e-9
8.709635899560957e-4	3.8715835855824325e-9
9.120108393559256e-4	4.0541097819721855e-9
9.549925860214525e-4	4.245247667889995e-9
0.0010000000000000174	4.445404506654443e-9
0.0010471285480509178	4.655006963798595e-9
0.0010964781961432031	4.874502052368834e-9
0.0011481536214969017	5.104358127355497e-9
0.0012022644346174327	5.3450659322505855e-9
0.001258925411794188	5.597139700969569e-9
0.001318256738556429	5.861118318643019e-9
0.0013803842646029063	6.137566545082021e-9
0.00144543977074595	6.427076305053723e-9
0.001513561248436232	6.730268049873789e-9
0.0015848931924611384	7.0477921952372615e-9
0.0016595869074375869	7.380330640672906e-9
0.0017378008287494012	7.72859837652686e-9
0.0018197008586100104	8.09334518496597e-9
0.0019054607179632755	8.475357442149213e-9
0.0019952623149689093	8.875460029457643e-9
0.0020892961308540707	9.294518362510157e-9
0.0021877616239495833	9.733440547638824e-9
0.0022908676527678053	1.0193179676568815e-8
0.002398832919019524	1.0674736271261542e-8
0.0025118864315096154	1.1179160892257214e-8
0.002630267991895419	1.170755692541757e-8
0.002754228703338203	1.2261083563748811e-8
0.002884031503126644	1.2840959003010528e-8
0.003019951720402056	1.3448463872124703e-8
0.0031622776601684215	1.4084944922032084e-8
0.003311311214825955	1.475181899964944e-8
0.003467368504525359	1.5450577337016958e-8
0.0036307805477010582	1.6182790189654392e-8
0.003801893963205659	1.695011186264267e-8
0.003981071705535022	1.7754286168101874e-8
0.0041686938347034064	1.8597152363645137e-8
0.00436515832240171	1.948065162817e-8
0.004570881896148803	2.0406834139137108e-8
0.004786300923226439	2.1377866824438712e-8
0.005011872336272781	2.2396041872258403e-8
0.005248074602497787	2.3463786094181625e-8
0.0054954087385763045	2.4583671250480538e-8
0.005754399373371631	2.575842546225778e-8
0.006025595860743643	2.6990945853326378e-8
0.0063095734448020005	2.8284312585728303e-8
0.006606934480076032	2.9641804477109283e-8
0.006918309709189433	3.1066916416324756e-8
0.007244359600749973	3.2563378826286854e-8
0.007585775750291913	3.413517946093405e-8
0.007943282347242895	3.578658786720745e-8
0.008317637711026794	3.7522182894104436e-8
0.008709635899560886	3.93468836905093e-8
0.00912010839355918	4.126598470305924e-8
0.009549925860214447	4.328519526657095e-8
0.010000000000000092	4.541068447464915e-8
0.010471285480509086	4.764913212956341e-8
0.010964781961431946	5.000778670136678e-8
0.011481536214968923	5.249453138020755e-8
0.012022644346174229	5.511795948729179e-8
0.012589254117941777	5.788746072434836e-8
0.013182567385564175	6.081331999525242e-8
0.013803842646028958	6.390683083460243e-8
0.014454397707459384	6.718042583621146e-8
0.015135612484362196	7.064782690152999e-8
0.015848931924611256	7.432421863854475e-8
0.016595869074375724	7.822644885367325e-8
0.01737800828749388	8.237326081481593e-8
0.018197008586099957	8.678556285062153e-8
0.019054607179632598	9.148674192347803e-8
0.01995262314968893	9.65030291146333e-8
0.020892961308540525	1.0186392654289322e-7
0.021877616239495665	1.0760270717107958e-7
0.022908676527677866	1.1375700132209456e-7
0.023988329190195046	1.2036948663697926e-7
0.02511886431509595	1.2748870179794777e-7
0.026302679918953964	1.3517000878507054e-7
0.027542287033381817	1.4347673396018026e-7
0.028840315031266203	1.5248152516383142e-7
0.030199517204020317	1.6226797064264848e-7
0.03162277660168396	1.7293253647708523e-7
0.033113112148259266	1.8458689288073736e-7
0.034673685045253325	1.9736071711161152e-7
0.036307805477010284	2.1140508284938393e-7
0.038018939632056284	2.2689657416987104e-7
0.039810717055349894	2.440422985691197e-7
0.0416869383470337	2.630860203582524e-7
0.043651583224016764	2.8431569651616176e-7
0.04570881896148766	3.080727762552703e-7
0.047863009232264	3.3476372921636826e-7
0.0501187233627274	3.648744036410812e-7
0.05248074602497742	3.989879963922243e-7
0.05495408738576262	4.378076568633245e-7
0.05754399373371584	4.821850681604755e-7
0.06025595860743593	5.331567814022379e-7
0.0630957344480195	5.919906645099874e-7
0.06606934480075974	6.602456245769155e-7
0.0691830970918938	7.398488567158198e-7
0.07244359600749914	8.331963821007478e-7
0.07585775750291851	9.43284736319452e-7
0.07943282347242829	1.0738846063895948e-6
0.08317637711026721	1.2297713565020016e-6
0.08709635899560819	1.4170332672104985e-6
0.09120108393559107	1.6434867398723822e-6
0.09549925860214369	1.919239884699752e-6
0.10000000000000007	2.2574636247673324e-6
0.10471285480509002	2.6754554650605838e-6
0.10964781961431856	3.1961196334789355e-6
0.11481536214968832	3.850044982240931e-6
0.12022644346174131	4.67844916918233e-6
0.12589254117941673	5.737390584395325e-6
0.13182567385564067	7.103854464373956e-6
0.13803842646028847	8.884639105430463e-6
0.14454397707459268	1.1229471619227287e-5
0.1513561248436207	1.4350585605695878e-5
0.1584893192461112	1.855228904529112e-5
0.16595869074375594	2.4276168743388443e-5
0.1737800828749374	3.2171084739607794e-5
0.18197008586099822	4.3202994384211695e-5
0.19054607179632457	5.882966541005737e-5
0.19952623149688783	8.12826441698075e-5
0.2089296130854038	1.1402919770139034e-4
0.21877616239495512	1.6254102960133203e-4
0.22908676527677718	2.3559453115097004e-4
0.23988329190194893	3.4750784305021264e-4
0.2511886431509579	5.220586287639012e-4
0.2630267991895381	7.994736092199541e-4
0.2754228703338165	0.0012491418659933496
0.2884031503126605	0.0019932109659211252
0.30199517204020154	0.0032513154616048145
0.31622776601683783	0.005427252687952592
