3.9810717055349735e-4	4.4798246261729434e-13
5.623413251903491e-4	6.498534919900808e-13
7.943282347242813e-4	8.368958294796389e-13
0.001122018454301963	1.387278027576702e-12
0.001584893192461114	1.9732208337746463e-12
0.00223872113856834	2.690654425872884e-12
0.0031622776601683794	4.2422835124920545e-12
0.0044668359215096305	5.023912203705716e-12
0.00630957344480193	7.068683046189095e-12
0.008912509381337459	1.0607001095332642e-11
0.012589254117941675	1.6984111242270458e-11
0.01778279410038923	2.3450650861896847e-11
0.025118864315095794	3.324032579903461e-11
0.03548133892335755	5.047073855045529e-11
0.05011872336272722	9.873429033356797e-11
0.0707945784384138	2.056345833333526e-10
0.1	0.007917090141660693
0.14125375446227545	0.042525806665176025
0.19952623149688797	0.039747970637262216
0.28183829312644537	0.03906857510231623
