0.0031622776601683794	4.294174222839937e-11
0.003758374042884443	6.054927927304236e-11
0.0044668359215096305	7.803116385414995e-11
0.005308844442309885	7.094050371152798e-11
0.00630957344480193	9.422860282497083e-11
0.007498942093324558	1.0741797804438458e-10
0.008912509381337459	1.420031826838415e-10
0.010592537251772886	1.7690596947352185e-10
0.012589254117941675	1.726849432824469e-10
0.014962356560944336	2.1257876699821106e-10
0.01778279410038923	3.7347439637778707e-10
0.021134890398366465	4.2388177964810114e-10
0.025118864315095794	4.4728060731752897e-10
0.029853826189179603	5.845808731135565e-10
0.03548133892335755	6.27060290508622e-10
0.042169650342858224	9.235851761761373e-10
0.05011872336272722	1.5345267812026948e-9
0.059566214352901034	1.8583550243067468e-9
0.0707945784384138	0.0011662228941152109
