0.0031622776601683794	3.968234089472375e-11
0.0031988951096913972	4.0165322842866415e-11
0.003235936569296284	4.065444645218928e-11
0.003273406948788383	4.1149796628849184e-11
0.0033113112148259144	4.165145962085747e-11
0.0033496543915782794	4.215952304340549e-11
0.0033884415613920273	4.267407590476828e-11
0.0034276778654645083	4.3195208632800384e-11
0.00346736850452532	4.372301310204185e-11
0.0035075187395256866	4.4257582661448544e-11
0.0035481338923357606	4.4799012162766566e-11
0.0035892193464500573	4.534739798956563e-11
0.0036307805477010214	4.5902838086952923e-11
0.003672823004980854	4.646543199198116e-11
0.0037153522909717353	4.703528086477673e-11
0.003758374042884451	4.761248752040198e-11
0.0038018939632056205	4.8197156461475015e-11
0.003845917820453547	4.878939391156991e-11
0.0038904514499428166	4.938930784941335e-11
0.003935500754557788	4.999700804390914e-11
0.0039810717055349856	5.06126060900044e-11
0.004027170343254603	5.123621544542949e-11
0.004073802778041142	5.186795146833325e-11
0.004120975190973317	5.2507931455836794e-11
0.004168693834703372	5.3156274683538155e-11
0.004216965034285839	5.381310244599178e-11
0.004265795188015943	5.447853809818939e-11
0.004315190768277672	5.515270709807702e-11
0.004365158322401679	5.583573705013366e-11
0.004415704473533148	5.6527757750045033e-11
0.004466835921509653	5.7228901230505236e-11
0.004518559443749245	5.793930180817798e-11
0.004570881896148776	5.8659096131854e-11
0.004623810213992627	5.938842323183922e-11
0.00467735141287201	6.012742457061204e-11
0.004731512589614832	6.08762440947859e-11
0.00478630092322641	6.163502828841938e-11
0.004841723675841024	6.240392622771287e-11
0.004897788193684491	6.318308963713536e-11
0.0049545019080479355	6.397267294702517e-11
0.005011872336272756	6.477283335271016e-11
0.005069907082747076	6.558373087519325e-11
0.005128613839913685	6.64055284234556e-11
0.005188000389289646	6.723839185842202e-11
0.005248074602497766	6.808249005864867e-11
0.005308844442309922	6.893799498778012e-11
0.005370317963702565	6.980508176383616e-11
0.005432503314924375	7.068392873038501e-11
0.005495408738576287	7.157471752966459e-11
0.005559042572704082	7.247763317771185e-11
0.005623413251903537	7.339286414156853e-11
0.00568852930843846	7.432060241862748e-11
0.0057543993733716195	7.526104361819057e-11
0.005821032177708764	7.621438704531106e-11
0.0058884365535559445	7.718083578699396e-11
0.005956621435290159	7.816059680083366e-11
0.00602559586074363	7.915388100616928e-11
0.00609536897240175	8.016090337784042e-11
0.006165950018614879	8.118188304263147e-11
0.006237348354824255	8.221704337849506e-11
0.0063095734448019945	8.32666121166469e-11
0.006382634861905548	8.433082144663211e-11
0.006456542290346622	8.540990812446069e-11
0.006531305526474789	8.650411358391925e-11
0.006606934480076032	8.76136840511704e-11
0.0066834391756862175	8.873887066274763e-11
0.006760829753919888	8.987992958706935e-11
0.006839116472814369	9.103712214959137e-11
0.006918309709189441	9.221071496172663e-11
0.006998419960022817	9.340098005366514e-11
0.00707945784384146	9.460819501122869e-11
0.007161434102129101	9.583264311691173e-11
0.007244359600749988	9.707461349524728e-11
0.007328245331389127	9.833440126266156e-11
0.007413102413009268	9.96123076819769e-11
0.007498942093324651	1.0090864032172683e-10
0.007585775750291929	1.0222371322046696e-10
0.0076736148936182875	1.035578470562573e-10
0.0077624711662870145	1.0491136932150926e-10
0.007852356346100823	1.0628461450339543e-10
0.00794328234724292	1.0767792427002792e-10
0.008035261221856277	1.0909164766262267e-10
0.008128305161641104	1.1052614129386968e-10
0.008222426499470822	1.1198176955275005e-10
0.008317637711026827	1.1345890481603686e-10
0.008413951416452068	1.149579276667391e-10
0.00851138038202388	1.164792271197536e-10
0.00860993752184613	1.1802320085500142e-10
0.00870963589956093	1.195902554583379e-10
0.008810488730080272	1.211808066705385e-10
0.008912509381337587	1.2279527964468138e-10
0.0090157113760597	1.244341092122427e-10
0.009120108393559237	1.260977401582674e-10
0.00922571427154777	1.2778662750595893e-10
0.009332543007970057	1.2950123681107435e-10
0.009440608762859381	1.3124204446651326e-10
0.009549925860214506	1.3300953801751267e-10
0.009660508789898289	1.3480421648787768e-10
0.009772372209558261	1.3662659071769998e-10
0.009885530946569552	1.3847718371302977e-10
0.010000000000000163	1.4035653100799932e-10
0.010115794542599154	1.422651810399114e-10
0.010232929922807714	1.4420369553782885e-10
0.010351421666793611	1.461726499252412e-10
0.010471285480509173	1.481726337373878e-10
0.01059253725177307	1.5020425105386824e-10
0.01071519305237625	1.5226812094718897e-10
0.010839269140212228	1.5436487794792157e-10
0.010964781961432041	1.5649517252720068e-10
0.011091748152624207	1.5865967159730107e-10
0.011220184543019837	1.608590590310852e-10
0.011350108156723358	1.6309403620115314e-10
0.01148153621496904	1.653653225395528e-10
0.01161448613840364	1.6767365611896973e-10
0.011748975549395514	1.7001979425635133e-10
0.011885022274370409	1.7240451413996938e-10
0.012022644346174359	1.7482861348098074e-10
0.012161860006463915	1.7729291119059396e-10
0.01230268770812405	1.7979824808401602e-10
0.012445146117714093	1.8234548761240118e-10
0.01258925411794192	1.8493551662409922e-10
0.01273503081016687	1.8756924615656561e-10
0.012882495516931599	1.9024761226036317e-10
0.013031667784523254	1.929715768567649e-10
0.013182567385564337	1.9574212863055042e-10
0.013335214321633513	1.9856028395966708e-10
0.013489628825916816	2.0142708788352867e-10
0.013645831365889531	2.043436151118026e-10
0.013803842646029135	2.073109710756618e-10
0.01396368361055967	2.1033029302356583e-10
0.014125375446227844	2.1340275116375764e-10
0.014288939585111337	2.1652954985579552e-10
0.01445439770745959	2.1971192885354256e-10
0.014621771744567497	2.2295116460220841e-10
0.014791083881682397	2.2624857159215017e-10
0.014962356560944665	2.2960550377232984e-10
0.01513561248436242	2.330233560264513e-10
0.015310874616820647	2.3650356571502347e-10
0.01548816618912516	2.400476142867376e-10
0.015667510701081844	2.4365702896278615e-10
0.0158489319246115	2.473333844979383e-10
0.016032453906900786	2.5107830502242437e-10
0.01621810097358968	2.548934659689313e-10
0.016405897731995772	2.587805960892528e-10
0.016595869074375994	2.627414795654392e-10
0.016788040181226	2.6677795822055515e-10
0.01698243652461785	2.70891933834511e-10
0.0171790838715763	2.75085370570732e-10
0.01737800828749417	2.793602975198103e-10
0.017579236139587354	2.837188113666746e-10
0.017782794100389663	2.8816307918821946e-10
0.017988709151288324	2.926953413887699e-10
0.01819700858610029	2.9731791478126055e-10
0.018407720014690016	3.020331958224804e-10
0.01862087136662914	3.068436640113197e-10
0.018836490894898483	3.1175188545950147e-10
0.01905460717963296	3.1676051664494746e-10
0.01927524913190986	3.218723083585795e-10
0.019498445997580955	3.270901098560851e-10
0.01972422736114905	3.3241687322698433e-10
0.01995262314968932	3.378556579941258e-10
0.020183663636816142	3.4340963595769915e-10
0.02041737944669584	3.4908209629879255e-10
0.02065380155810584	3.5487645095857616e-10
0.020892961308540955	3.6079624031034383e-10
0.021134890398367037	3.6684513914284706e-10
0.021379620895022905	3.730269629746855e-10
0.021627185237270797	3.793456747209508e-10
0.021877616239496123	3.858053917348279e-10
0.022130947096056987	3.9241039324858313e-10
0.02238721138568402	3.991651282401003e-10
0.022646443075931232	4.060742237531384e-10
0.02290867652767838	4.1314249370157566e-10
0.023173946499685436	4.203749481901763e-10
0.023442288153199885	4.2777680338696465e-10
0.02371373705661723	4.3535349198491727e-10
0.023988329190195598	4.4311067429369626e-10
0.024266100950824862	4.5105425000526854e-10
0.024547089156851012	4.59190370680797e-10
0.02483133105295643	4.675254530099032e-10
0.02511886431509654	4.760661928975624e-10
0.025409727055493804	4.848195804384056e-10
0.02570395782768941	4.937929158430176e-10
0.026001595631653492	5.02993826386285e-10
0.02630267991895461	5.124302844536084e-10
0.0266072505979889	5.221106267672426e-10
0.02691534803926998	5.320435748820136e-10
0.027227013080779964	5.422382570473498e-10
0.027542287033382507	5.527042315409464e-10
0.027861211686298563	5.634515115886792e-10
0.028183829312645414	5.744905919954452e-10
0.028510182675039988	5.8583247762285e-10
0.02884031503126697	5.974887138618478e-10
0.029174270140012584	6.094714192620201e-10
0.02951209226666479	6.217933204940539e-10
0.02985382618918055	6.344677898384e-10
0.030199517204021132	6.475088854113227e-10
0.030549211132156123	6.609313943595471e-10
0.0309029543251369	6.747508792770067e-10
0.031260793671240565	6.889837281217944e-10
0.031622776601684825	7.036472079387299e-10
0.03198895109691503	7.187595227233092e-10
0.0323593656929639	7.343398757964895e-10
0.0327340694878849	7.504085370973264e-10
0.03311311214826021	7.669869158422334e-10
0.03349654391578389	7.840976390463042e-10
0.0338844156139214	8.017646364542107e-10
0.034276778654646206	8.200132324864182e-10
0.03467368504525434	8.38870245871656e-10
0.035075187395257994	8.583640977096873e-10
0.035481338923358766	8.785249287905034e-10
0.035892193464501766	8.993847270882134e-10
0.0363078054770114	9.209774664518397e-10
0.03672823004980974	9.433392576321818e-10
0.03715352290971855	9.665085129160317e-10
0.03758374042884574	9.905261257884275e-10
0.03801893963205747	1.0154356672126996e-9
0.03845917820453673	1.0412836003099219e-9
0.038904514499429436	1.0681195154371451e-9
0.039355007545579156	1.095996387911737e-9
0.03981071705535116	1.1249708609115706e-9
0.04027170343254737	1.1551035564033767e-9
0.04073802778041276	1.1864594173202892e-9
0.04120975190973451	1.2191080846324059e-9
0.04168693834703507	1.2531243134390686e-9
0.04216965034285978	1.288588432769848e-9
0.042657951880160846	1.3255868544239807e-9
0.043151907682778136	1.3642126369207904e-9
0.043651583224018214	1.4045661114929372e-9
0.0441570447353329	1.446755578050985e-9
0.04466835921509799	1.4908980802063036e-9
0.045185594437493946	1.5371202697889746e-9
0.04570881896148925	1.5855593728734612e-9
0.04623810213992778	1.6363642711700978e-9
0.046773514128721605	1.6896967148057443e-9
0.04731512589614987	1.7457326850653818e-9
0.04786300923226569	1.8046639286726226e-9
0.04841723675841182	1.8666996887446846e-9
0.04897788193684652	1.93206866177788e-9
0.04954501908048095	2.001021215043628e-9
0.0501187233627292	2.0738319047716206e-9
0.050699070827472444	2.1508023426796517e-9
0.05128613839913853	2.2322644670399534e-9
0.051880003892898166	2.318584284878675e-9
0.05248074602497935	2.410166164498198e-9
0.05308844442310096	2.507457772807748e-9
0.05370317963702744	2.6109557705980253e-9
0.05432503314924553	2.721212401727937e-9
0.054954087385764676	2.838843140260735e-9
0.05559042572704262	2.9645355942459865e-9
0.05623413251903721	3.0990599078340603e-9
0.05688529308438649	3.2432809569902836e-9
0.057543993733718074	3.3981727011860795e-9
0.05821032177708954	3.5648351379420194e-9
0.05888436553556134	3.744514414067291e-9
0.05956621435290353	3.938626783637054e-9
0.060255958607438306	4.148787277202093e-9
0.06095368972401949	4.376844171596303e-9
0.06165950018615081	4.62492064150124e-9
0.06237348354824456	4.895465355220049e-9
0.06309573444802201	5.191314279056087e-9
0.0638263486190576	5.515766620648709e-9
0.06456542290346834	5.872678732522536e-9
0.06531305526475004	6.2665809994586694e-9
0.06606934480076244	6.702824371180198e-9
0.06683439175686436	7.187765455308107e-9
0.06760829753920113	7.729002218983244e-9
0.06839116472814594	8.335676754267074e-9
0.06918309709189667	9.018867835584971e-9
0.06998419960023042	9.79210504494019e-9
0.07079457843841692	1.0672049474246748e-8
0.07161434102129338	1.167940566740922e-8
0.07244359600750225	1.2840159137209205e-8
0.07328245331389367	1.4187279402551278e-8
0.07413102413009506	1.5763099989033387e-8
0.07498942093324895	1.7622701349316916e-8
0.07585775750292181	1.9838810470192693e-8
0.07673614893618538	2.25090471555516e-8
0.07762471166287269	2.5766895230614277e-8
0.07852356346101075	2.9798759215807147e-8
0.07943282347243179	3.487129361398474e-8
0.08035261221856543	4.137673552234181e-8
0.08128305161641369	4.991118965120559e-8
0.0822242649947109	6.141638006180706e-8
0.08317637711027095	7.745128407366493e-8
