0.0031622776601683794	5.2524737881886885e-11
0.003758374042884443	5.967659335318596e-11
0.0044668359215096305	7.190735332737934e-11
0.005308844442309885	9.491037879641862e-11
0.00630957344480193	9.971125069273995e-11
0.007498942093324558	1.4861299460908798e-10
0.008912509381337459	1.639448607294186e-10
0.010592537251772886	1.9793672135508905e-10
0.012589254117941675	2.1368635957917458e-10
0.014962356560944336	3.123363339757441e-10
0.01778279410038923	3.2675899362940235e-10
0.021134890398366465	5.018134707558055e-10
0.025118864315095794	6.30486833083416e-10
0.029853826189179603	8.324295634839739e-10
0.03548133892335755	1.1792552756456743e-9
0.042169650342858224	1.587820228099006e-9
0.05011872336272722	1.1987701540849881e-4
0.059566214352901034	0.012162653678474168
0.0707945784384138	0.033222069091110355
