1.5848931924611142e-4	8.924500657073123e13
2.23872113856834e-4	9.346393640683766e13
3.1622776601683794e-4	1.0357455180584458e14
4.4668359215096305e-4	1.173779228922977e14
6.30957344480193e-4	1.2749002298833766e14
8.912509381337459e-4	1.316476579154048e14
0.0012589254117941675	1.3564544349049772e14
0.0017782794100389228	1.487008561325649e14
0.0025118864315095794	1.522534760138342e14
0.0035481338923357532	1.5463304409984688e14
0.005011872336272725	8.22188554330823e13
0.00707945784384138	1.2241401139139487e12
0.01	17.55868416329367
0.01412537544622754	7.5755239118459725
0.0199526231496888	3.8306722589480042
0.028183829312644536	2.35395907619942
0.039810717055349734	1.627590195932018
0.05623413251903491	1.1532905289727107
0.07943282347242814	0.869715910224969
0.11220184543019636	0.7164344280464529
0.15848931924611134	0.5804720069594616
0.22387211385683395	0.4622305147209472
0.31622776601683794	0.22537554714989624
