1.5848931924611142e-4	1.6491547197292284e-13
2.23872113856834e-4	1.7586432680015147e-13
3.1622776601683794e-4	1.8502642776291166e-13
4.4668359215096305e-4	4.283849559615845e-13
6.30957344480193e-4	5.05284601841306e-13
8.912509381337459e-4	9.822195494225695e-13
0.0012589254117941675	1.3093129920287598e-12
0.0017782794100389228	2.085457781164037e-12
0.0025118864315095794	2.670607256691613e-12
0.0035481338923357532	4.029090348067188e-12
0.005011872336272725	5.4295208935608244e-12
0.00707945784384138	6.513123270129337e-12
0.01	1.128999109077642e-11
0.01412537544622754	1.100760643498159e-11
0.0199526231496888	2.0720714673285833e-11
0.028183829312644536	4.378883921063613e-11
0.039810717055349734	5.4315324156325e-11
0.05623413251903491	8.223952438106392e-11
0.07943282347242814	2.8802809913657606e-10
0.11220184543019636	0.01849789327149001
0.15848931924611134	0.040119704255303604
0.22387211385683395	0.03438246691077353
0.31622776601683794	0.043049671375759394
