1.5848931924611142e-4	1.521505719926392e-11
1.6595869074375615e-4	1.5932129093376695e-11
1.7378008287493782e-4	1.668299678028195e-11
1.8197008586099862e-4	1.7469253189679717e-11
1.9054607179632522e-4	1.8292566350854806e-11
1.995262314968887e-4	1.915468293602896e-11
2.0892961308540471e-4	2.0057431971301425e-11
2.187761623949563e-4	2.1002728723165038e-11
2.290867652767784e-4	2.1992578768971708e-11
2.3988329190195045e-4	2.3029082260135724e-11
2.5118864315095974e-4	2.4114438387288148e-11
2.6302679918954004e-4	2.5250950057057515e-11
2.7542287033381884e-4	2.6441028790621892e-11
2.8840315031266293e-4	2.768719985469076e-11
3.019951720402044e-4	2.8992107636098818e-11
3.162277660168412e-4	3.035852127176155e-11
3.311311214825945e-4	3.1789340546332795e-11
3.467368504525356e-4	3.3287602070531385e-11
3.6307805477010547e-4	3.48564857537678e-11
3.801893963205659e-4	3.649932158540373e-11
3.981071705535026e-4	3.8219596739722804e-11
4.1686938347034103e-4	4.002096302047572e-11
4.3651583224017234e-4	4.1907244661708513e-11
4.570881896148817e-4	4.3882446502465465e-11
4.7863009232264586e-4	4.595076255391383e-11
5.011872336272807e-4	4.811658497844448e-11
5.248074602497814e-4	5.038451350138147e-11
5.495408738576344e-4	5.275936527708895e-11
5.754399373371673e-4	5.5246185232494994e-11
6.025595860743692e-4	5.785025691237734e-11
6.309573444802052e-4	6.0577113852175e-11
6.606934480076086e-4	6.343255150561841e-11
6.91830970918949e-4	6.642263975611835e-11
7.244359600750032e-4	6.955373604262876e-11
7.585775750291975e-4	7.283249913262674e-11
7.94328234724296e-4	7.626590357693019e-11
8.317637711026862e-4	7.986125488334372e-11
8.709635899560957e-4	8.362620544858055e-11
9.120108393559256e-4	8.75687712905992e-11
9.549925860214525e-4	9.169734962642388e-11
0.0010000000000000174	9.602073734373598e-11
0.0010471285480509178	1.005481504180497e-10
0.0010964781961432031	1.0528924433116683e-10
0.0011481536214969017	1.1025413555087877e-10
0.0012022644346174327	1.1545342413661266e-10
0.001258925411794188	1.208982175409427e-10
0.001318256738556429	1.2660015568268925e-10
0.0013803842646029063	1.3257143737377168e-10
0.00144543977074595	1.3882484818916044e-10
0.001513561248436232	1.4537378987727384e-10
0.0015848931924611384	1.5223231141712485e-10
0.0016595869074375869	1.5941514183853476e-10
0.0017378008287494012	1.669377249329802e-10
0.0018197008586100104	1.7481625599526497e-10
0.0019054607179632755	1.8306772075042298e-10
0.0019952623149689093	1.917099366362851e-10
0.0020892961308540707	2.007615966302194e-10
0.0021877616239495833	2.1024231582899856e-10
0.0022908676527678053	2.201726810138865e-10
0.002398832919019524	2.3057430345924943e-10
0.0025118864315096154	2.4146987527275594e-10
0.002630267991895419	2.5288322958901953e-10
0.002754228703338203	2.648394049769743e-10
0.002884031503126644	2.7736471446502743e-10
0.003019951720402056	2.904868196378936e-10
0.0031622776601684215	3.0423481031589305e-10
0.003311311214825955	3.186392903924279e-10
0.003467368504525359	3.3373247047956627e-10
0.0036307805477010582	3.495482680965349e-10
0.003801893963205659	3.661224162330818e-10
0.003981071705535022	3.834925812310004e-10
0.0041686938347034064	4.0169849105473496e-10
0.00436515832240171	4.2078207516847194e-10
0.004570881896148803	4.4078761740536167e-10
0.004786300923226439	4.617619234078762e-10
0.005011872336272781	4.837545044407816e-10
0.005248074602497787	5.06817779634323e-10
0.0054954087385763045	5.310072990103797e-10
0.005754399373371631	5.563819899847681e-10
0.006025595860743643	5.830044304318498e-10
0.0063095734448020005	6.109411518517315e-10
0.006606934480076032	6.402629767055604e-10
0.006918309709189433	6.710453945926148e-10
0.007244359600749973	7.033689826477962e-10
0.007585775750291913	7.373198763561754e-10
0.007943282347242895	7.729902979316811e-10
0.008317637711026794	8.104791505126561e-10
0.008709635899560886	8.498926877150009e-10
0.00912010839355918	8.913452695860796e-10
0.009549925860214447	9.349602177579327e-10
0.010000000000000092	9.808707846524218e-10
0.010471285480509086	1.0292212539985699e-9
0.010964781961431946	1.0801681927495223e-9
0.011481536214968923	1.133881877812483e-9
0.012022644346174229	1.190547924925503e-9
0.012589254117941777	1.250369151645925e-9
0.013182567385564175	1.3135677118974524e-9
0.013803842646028958	1.3803875460274124e-9
0.014454397707459384	1.4510971980621677e-9
0.015135612484362196	1.5259930610730474e-9
0.015848931924611256	1.6054031225925676e-9
0.016595869074375724	1.6896912952393425e-9
0.01737800828749388	1.7792624336000242e-9
0.018197008586099957	1.8745681575734257e-9
0.019054607179632598	1.976113625547126e-9
0.01995262314968893	2.0844654288760796e-9
0.020892961308540525	2.2002608133264937e-9
0.021877616239495665	2.324218474895319e-9
0.022908676527677866	2.457151228557242e-9
0.023988329190195046	2.5999809113587513e-9
0.02511886431509595	2.753755958835672e-9
0.026302679918953964	2.9196721897575246e-9
0.027542287033381817	3.0990974535398936e-9
0.028840315031266203	3.2936009435387597e-9
0.030199517204020317	3.504988165881207e-9
0.03162277660168396	3.735342787905043e-9
0.033113112148259266	3.987076886223927e-9
0.034673685045253325	4.2629914896108105e-9
0.036307805477010284	4.566349789546694e-9
0.038018939632056284	4.900966002069215e-9
0.039810717055349894	5.271313649092986e-9
0.0416869383470337	5.682658039738253e-9
0.043651583224016764	6.141219044749094e-9
0.04570881896148766	6.65437196711384e-9
0.047863009232264	7.230896551073555e-9
0.0501187233627274	7.881287118647356e-9
0.05248074602497742	8.618140722072047e-9
0.05495408738576262	9.456645388247811e-9
0.05754399373371584	1.0415197472266273e-8
0.06025595860743593	1.1516186478288339e-8
0.0630957344480195	1.2786998353415727e-8
0.06606934480075974	1.4261305490861377e-8
0.0691830970918938	1.598073530506171e-8
0.07244359600749914	1.7997041853376154e-8
0.07585775750291851	2.037495030450016e-8
0.07943282347242829	2.3195907498015253e-8
0.08317637711026721	2.6563061300443242e-8
0.08709635899560819	3.060791857174676e-8
0.09120108393559107	3.549931358124345e-8
0.09549925860214369	4.145558150951465e-8
0.10000000000000007	4.8761214294974384e-8
0.10471285480509002	5.7789838045308624e-8
0.10964781961431856	6.903618408314502e-8
0.11481536214968832	8.316097161640411e-8
0.12022644346174131	1.0105450205433834e-7
0.12589254117941673	1.23927636622939e-7
0.13182567385564067	1.5344325643047748e-7
0.13803842646028847	1.9190820467729803e-7
0.14454397707459268	2.425565869753094e-7
0.1513561248436207	3.0997264908303103e-7
0.1584893192461112	4.007294433782883e-7
0.16595869074375594	5.243652448571904e-7
0.1737800828749374	6.948954303755285e-7
0.18197008586099822	9.331846786989726e-7
0.19054607179632457	1.2707207728572392e-6
0.19952623149688783	1.7557051140678424e-6
0.2089296130854038	2.4630306703500318e-6
0.21877616239495512	3.5108862393887723e-6
0.22908676527677718	5.088841872860954e-6
0.23988329190194893	7.506169409884595e-6
0.2511886431509579	1.1276466381300268e-5
0.2630267991895381	1.726862995915101e-5
0.2754228703338165	2.6981464305456355e-5
0.2884031503126605	4.3053356863896306e-5
0.30199517204020154	7.022841397066402e-5
0.31622776601683783	1.1722865805977599e-4
