1.5848931924611142e-4	3.159202989323852e-10
2.23872113856834e-4	4.413611762506736e-10
3.1622776601683794e-4	6.5251632983506e-10
4.4668359215096305e-4	9.011679936058396e-10
6.30957344480193e-4	1.3009671271170534e-9
8.912509381337459e-4	1.6626334908595085e-7
0.0012589254117941675	2.7766876757159376e-9
0.0017782794100389228	1.0801585319669667e-6
0.0025118864315095794	7.786209737947809e-7
0.0035481338923357532	2.9643691177810788e-6
0.005011872336272725	3.7408375300325483e-6
0.00707945784384138	7.711036808934493e-6
0.01	1.3451547380490087e-5
0.01412537544622754	1.94875056552766e-5
0.0199526231496888	0.003680495576739909
0.028183829312644536	0.040533089458260854
0.039810717055349734	0.054131911529484426
0.05623413251903491	0.05431901015960137
0.07943282347242814	0.054375498898101685
0.11220184543019636	0.05524488074905586
0.15848931924611134	0.054137021252075826
0.22387211385683395	0.05452073672680029
0.31622776601683794	0.05464491375121694
