1.5848931924611142e-4	2.0928837213094264e-9
2.23872113856834e-4	6.723213978322897e-9
3.1622776601683794e-4	6.36996526364693e-9
4.4668359215096305e-4	2.433656957415007e-8
6.30957344480193e-4	6.48290140839181e-8
8.912509381337459e-4	9.353923604658649e-8
0.0012589254117941675	1.6756402775170288e-7
0.0017782794100389228	1.8791104659462023e-7
0.0025118864315095794	3.3092705288082296e-7
0.0035481338923357532	4.6141994902021337e-7
0.005011872336272725	5.905620578878606e-7
0.00707945784384138	8.721621567530552e-7
0.01	1.3278060723812326e-6
0.01412537544622754	2.3807484135297866e-6
0.0199526231496888	0.007560545732889863
0.028183829312644536	0.04361118298409901
0.039810717055349734	0.0536153110331987
0.05623413251903491	0.05416175469458015
0.07943282347242814	0.053337201402509395
0.11220184543019636	0.053886992548201916
0.15848931924611134	0.05343450833768083
0.22387211385683395	0.05367930455141511
0.31622776601683794	0.053650411812043705
