3.9810717055349735e-4	4.739355566059195e-13
5.623413251903491e-4	6.063870957371333e-13
7.943282347242813e-4	7.354237144477229e-13
0.001122018454301963	1.0927862925826918e-12
0.001584893192461114	1.3299121396300187e-12
0.00223872113856834	2.4239123189026433e-12
0.0031622776601683794	3.2626219973058413e-12
0.0044668359215096305	5.159780207653662e-12
0.00630957344480193	5.150502722502116e-12
0.008912509381337459	1.0245615722351297e-11
0.012589254117941675	7.392483428410475e-9
0.01778279410038923	3.1965621981772945e-8
0.025118864315095794	0.035547983250675944
0.03548133892335755	0.056448389288073365
0.05011872336272722	0.05661032858079557
0.0707945784384138	0.05590674394679338
0.1	0.05579535634675059
0.14125375446227545	0.05663235692419831
0.19952623149688797	0.056819976895239536
0.28183829312644537	0.057587939110766005
