1.5848931924611142e-4	1.0369586471597007e-9
2.23872113856834e-4	1.0062070133565786e-6
3.1622776601683794e-4	1.3642310018343231e-6
4.4668359215096305e-4	1.3927277788561813e-6
6.30957344480193e-4	3.0149759570510467e-6
8.912509381337459e-4	4.012516802565407e-6
0.0012589254117941675	8.422529353434015e-6
0.0017782794100389228	1.0402184549118642e-5
0.0025118864315095794	1.1502733566482904e-5
0.0035481338923357532	2.2796128609322177e-5
0.005011872336272725	0.0011845147414916218
0.00707945784384138	5.064821520844595e-4
0.01	0.004298225408731518
0.01412537544622754	0.010138456842100092
0.0199526231496888	0.02154016618354723
0.028183829312644536	0.031319736843708396
0.039810717055349734	0.03451962560917209
0.05623413251903491	0.04138115404429752
0.07943282347242814	0.038940686310199146
0.11220184543019636	0.03896939518241358
0.15848931924611134	0.0393724844315044
0.22387211385683395	0.04124082392195467
0.31622776601683794	0.038550510911374763
