1.5848931924611142e-4	1.8170369439885722e-11
2.23872113856834e-4	3.418463762119543e-11
3.1622776601683794e-4	3.969281533563639e-11
4.4668359215096305e-4	4.736795093477015e-11
6.30957344480193e-4	9.015980155457574e-11
8.912509381337459e-4	1.2344912118269719e-10
0.0012589254117941675	1.3601234728507626e-10
0.0017782794100389228	1.8027255339142823e-7
0.0025118864315095794	3.293855936773675e-7
0.0035481338923357532	1.7576271623561011e-7
0.005011872336272725	6.999696309192521e-7
0.00707945784384138	1.4505322471140906e-6
0.01	2.39152964064089e-6
0.01412537544622754	3.951550098379348e-6
0.0199526231496888	0.0011598990381985654
0.028183829312644536	0.04374746914558089
0.039810717055349734	0.05695267772475887
0.05623413251903491	0.05760232255474759
0.07943282347242814	0.05736698073246781
0.11220184543019636	0.057375087319448605
0.15848931924611134	0.058387003422207394
0.22387211385683395	0.057493268532865224
0.31622776601683794	0.0575540458878704
