0.0031622776601683794	1.3667794754027756e-8
0.003758374042884443	3.0599238268133916e-8
0.0044668359215096305	2.1008323236647958e-8
0.005308844442309885	3.063267729497378e-8
0.00630957344480193	6.136823523445324e-8
0.007498942093324558	6.519876591662673e-8
0.008912509381337459	8.205794393573863e-8
0.010592537251772886	9.413349334101719e-8
0.012589254117941675	1.5202261661819204e-7
0.014962356560944336	2.2842677349023258e-4
0.01778279410038923	0.0031842209160655795
0.021134890398366465	0.02529829836108519
0.025118864315095794	0.045286460879041646
0.029853826189179603	0.05348678093773864
0.03548133892335755	0.05325092457337967
0.042169650342858224	0.053640976156025554
0.05011872336272722	0.05286882871313583
0.059566214352901034	0.05306174165190887
0.0707945784384138	0.053565419448212324
