0.0031622776601683794	4.4295739776043497e-7
0.003758374042884443	7.085035618433027e-7
0.0044668359215096305	1.375103311795698e-6
0.005308844442309885	4.907806352935737e-7
0.00630957344480193	1.356880031368219e-6
0.007498942093324558	1.0934608170195693e-6
0.008912509381337459	4.288216959813717e-6
0.010592537251772886	4.618229802028538e-6
0.012589254117941675	7.417424217505343e-6
0.014962356560944336	7.992929551960569e-6
0.01778279410038923	7.975648760621775e-4
0.021134890398366465	0.01095495189481302
0.025118864315095794	0.03922293068510556
0.029853826189179603	0.0508083435152511
0.03548133892335755	0.054047062973688824
0.042169650342858224	0.053831287066268746
0.05011872336272722	0.053754450855924174
0.059566214352901034	0.05408285708285741
0.0707945784384138	0.05393729839927268
