1.5848931924611142e-4	0.2050300576423575
2.23872113856834e-4	0.2050300576423575
3.1622776601683794e-4	0.2050300576423575
4.4668359215096305e-4	0.2050300576423575
6.30957344480193e-4	0.2050300576423575
8.912509381337459e-4	0.2050300576423575
0.0012589254117941675	0.2050300576423575
0.0017782794100389228	0.2050300576423575
0.0025118864315095794	0.2050300576423575
0.0035481338923357532	0.2050300576423575
0.005011872336272725	0.2050300576423575
0.00707945784384138	0.2050300576423575
0.01	0.2050300576423575
0.01412537544622754	0.2050300576423575
0.0199526231496888	0.21437763318723982
0.028183829312644536	0.2565128692567371
0.039810717055349734	0.23497867957877397
0.05623413251903491	0.18307836693308197
0.07943282347242814	0.13988951129806362
0.11220184543019636	0.13159224287188834
0.15848931924611134	0.09921826075152122
0.22387211385683395	0.08089402455368852
0.31622776601683794	0.07161451729367449
