1.5848931924611142e-4	0.2050300576423575
2.23872113856834e-4	0.2050300576423575
3.1622776601683794e-4	0.2050300576423575
4.4668359215096305e-4	0.2050300576423575
6.30957344480193e-4	0.2050300576423575
8.912509381337459e-4	0.2050300576423575
0.0012589254117941675	0.2050300576423575
0.0017782794100389228	0.2050300576423575
0.0025118864315095794	0.2050300576423575
0.0035481338923357532	0.2050300576423575
0.005011872336272725	0.2050300576423575
0.00707945784384138	0.2050300576423575
0.01	0.2050300576423575
0.01412537544622754	0.2050300576423575
0.0199526231496888	0.22429314142680007
0.028183829312644536	0.26174479448618493
0.039810717055349734	0.2341213966774127
0.05623413251903491	0.18230916992761176
0.07943282347242814	0.1405509625245932
0.11220184543019636	0.12755174549837203
0.15848931924611134	0.10248801711389248
0.22387211385683395	0.08330372754369728
0.31622776601683794	0.07300102525761111
