1.5848931924611142e-4	1.7435334943416929e-9
2.23872113856834e-4	2.5157857636906844e-13
3.1622776601683794e-4	3.485838245995893e-9
4.4668359215096305e-4	1.8178379841766292e-9
6.30957344480193e-4	1.591927685600955e-8
8.912509381337459e-4	1.0582135606311979e-8
0.0012589254117941675	3.3155550398474386e-8
0.0017782794100389228	2.277788658637027e-8
0.0025118864315095794	6.773975677931826e-8
0.0035481338923357532	8.259480632428084e-8
0.005011872336272725	8.882551451360547e-8
0.00707945784384138	1.3866904982892222e-7
0.01	2.0958356638987245e-7
0.01412537544622754	3.4254270615030856e-7
0.0199526231496888	0.0022925433991017236
0.028183829312644536	0.04802602131430822
0.039810717055349734	0.05632837797868943
0.05623413251903491	0.0566701082956064
0.07943282347242814	0.05622010415338116
0.11220184543019636	0.05681556506504328
0.15848931924611134	0.057435290363128735
0.22387211385683395	0.05567699683046563
0.31622776601683794	0.057279914676677215
