0.0031622776601683794	3.51250074680041e-11
0.003758374042884443	4.080704241613484e-8
0.0044668359215096305	4.3038801668936804e-8
0.005308844442309885	9.878417970060193e-11
0.00630957344480193	1.3363174493659468e-7
0.007498942093324558	8.773964811985501e-8
0.008912509381337459	1.3978827215026147e-10
0.010592537251772886	8.237738633374025e-8
0.012589254117941675	8.40374573013082e-8
0.014962356560944336	4.3244826214273456e-7
0.01778279410038923	4.6971153418984014e-7
0.021134890398366465	1.3489765700196508e-6
0.025118864315095794	0.03703662208321061
0.029853826189179603	0.05867971239349808
0.03548133892335755	0.058025945646146486
0.042169650342858224	0.05794608533777429
0.05011872336272722	0.05854780507540587
0.059566214352901034	0.05857236226789011
0.0707945784384138	0.05900682354822226
