3.9810717055349735e-4	4.9367991073954816e-11
5.623413251903491e-4	7.796855169652931e-11
7.943282347242813e-4	8.952110110385444e-11
0.001122018454301963	1.3495964546308671e-10
0.001584893192461114	2.00443822873092e-10
0.00223872113856834	2.607199395938973e-10
0.0031622776601683794	4.1592347454761153e-10
0.0044668359215096305	7.312310481966441e-10
0.00630957344480193	1.5268605446764115e-7
0.008912509381337459	3.0266148332576534e-7
0.012589254117941675	4.43109583528279e-7
0.01778279410038923	1.7984115079972332e-6
0.025118864315095794	0.021447969248140807
0.03548133892335755	0.055959863957196515
0.05011872336272722	0.05766486086524944
0.0707945784384138	0.05644025206094524
0.1	0.05687779058906259
0.14125375446227545	0.05728308486511996
0.19952623149688797	0.05727681661502297
0.28183829312644537	0.05662253602900031
