1.5848931924611142e-4	7.812755682531832e-8
2.23872113856834e-4	1.25026630640282e-7
3.1622776601683794e-4	1.8329334907942416e-7
4.4668359215096305e-4	3.014841523535268e-7
6.30957344480193e-4	3.381251060978449e-7
8.912509381337459e-4	6.526298665055745e-7
0.0012589254117941675	8.138887901861663e-7
0.0017782794100389228	4.0529534811667104e-5
0.0025118864315095794	7.168858423567978e-5
0.0035481338923357532	9.055806544806364e-5
0.005011872336272725	1.428924694455346e-4
0.00707945784384138	6.064516840582237e-4
0.01	0.0011045914726972822
0.01412537544622754	0.008366798776567968
0.0199526231496888	0.019231372076608154
0.028183829312644536	0.030574897291512988
0.039810717055349734	0.036572696669270835
0.05623413251903491	0.03982552251885783
0.07943282347242814	0.04133695390603254
0.11220184543019636	0.03857546320082574
0.15848931924611134	0.03857107142726964
0.22387211385683395	0.04116216172914362
0.31622776601683794	0.03733183352942082
