0.0031622776601683794	3.79160587137562e-9
0.003758374042884443	6.7449808110357845e-9
0.0044668359215096305	7.459433301928272e-9
0.005308844442309885	7.900522086319858e-9
0.00630957344480193	9.60845141442217e-9
0.007498942093324558	9.217869308315971e-9
0.008912509381337459	1.3406732706007227e-8
0.010592537251772886	1.7003763409867264e-8
0.012589254117941675	2.1370671298903585e-8
0.014962356560944336	3.6280051938065634e-8
0.01778279410038923	0.0026813788186930486
0.021134890398366465	0.01113096401377895
0.025118864315095794	0.03273983680236281
0.029853826189179603	0.04611351501990328
0.03548133892335755	0.052051664034097535
0.042169650342858224	0.053865822171494056
0.05011872336272722	0.052672392708426524
0.059566214352901034	0.05292301766748921
0.0707945784384138	0.05325925262599604
