0.0031622776601683794	7.976574174675843e-11
0.003758374042884443	1.1769243171930773e-8
0.0044668359215096305	1.1680811377799225e-8
0.005308844442309885	4.777402948142276e-8
0.00630957344480193	4.786405054250533e-8
0.007498942093324558	5.913552398393117e-8
0.008912509381337459	5.9025127680587166e-8
0.010592537251772886	1.3100150148721236e-7
0.012589254117941675	1.8956264737486547e-7
0.014962356560944336	2.2501278238441035e-7
0.01778279410038923	0.003242730075785328
0.021134890398366465	0.01477901469752393
0.025118864315095794	0.04040350148572113
0.029853826189179603	0.050712824147673106
0.03548133892335755	0.052853153906158745
0.042169650342858224	0.05286251435045949
0.05011872336272722	0.05348086793971524
0.059566214352901034	0.05273364774845286
0.0707945784384138	0.05317515152095255
